Position	Strand	Depth	Trans_Depth
50	FR	3.32	-1
50	RF	11.2	1.04921802267018
150	FR	7.04	-1
150	RF	30.41	1.48301642014413
250	FR	10.84	-1.03502928220237
250	RF	42.06	1.6238692683503
350	FR	10.62	-1.02612451674545
350	RF	53.62	1.72932680964686
450	FR	4.91	-1
450	RF	62.54	1.79615787690691
550	FR	1.86	-1
550	RF	63.55	1.80311555489003
650	FR	2.23	-1
650	RF	44.91	1.65234305506271
750	FR	4.28	-1
750	RF	51.79	1.71424591101789
850	FR	7.74	-1
850	RF	62.95	1.79899573444388
950	FR	10.27	-1.01157044359728
950	RF	64.78	1.81144094367416
1050	FR	10.97	-1.04020662757471
1050	RF	62.97	1.79913369330206
1150	FR	10.73	-1.03059972196595
1150	RF	52.76	1.72230478687433
1250	FR	9.88	-1
1250	RF	73.84	1.86829168801786
1350	FR	6.9	-1
1350	RF	81.06	1.90880659940567
1450	FR	11.31	-1.05346260492546
1450	RF	80.93	1.90810954039255
1550	FR	10.93	-1.0386201619497
1550	RF	72.23	1.85871761486029
1650	FR	12.12	-1.08350261983027
1650	RF	68.82	1.83771466828491
1750	FR	16.97	-1.22968184231768
1750	RF	65.43	1.81577692029836
1850	FR	16.05	-1.20547503674089
1850	RF	87.31	1.9410639882199
1950	FR	11.5	-1.06069784035361
1950	RF	73.28	1.86498546065979
2050	FR	11.35	-1.05499586152914
2050	RF	70.07	1.84553211749358
2150	FR	13.2	-1.12057393120585
2150	RF	58.07	1.76395182603332
2250	FR	12.67	-1.10277661488344
2250	RF	40.86	1.61129836229643
2350	FR	10.87	-1.03622954408629
2350	RF	33.28	1.52218331761869
2450	FR	10.08	-1.00346053210951
2450	RF	21.44	1.33122478102073
2550	FR	12.15	-1.08457627793433
2550	RF	26.53	1.42373724998233
2650	FR	8.98	-1
2650	RF	34.44	1.53706314278162
2750	FR	17.2	-1.23552844690755
2750	RF	40.18	1.60400993241223
2850	FR	24.52	-1.38952046584638
2850	RF	43.51	1.63858908329272
2950	FR	38.68	-1.58748646541096
2950	RF	69.63	1.84279639517558
3050	FR	46.62	-1.66857226918456
3050	RF	85.61	1.93252449705054
3150	FR	39.42	-1.59571661994342
3150	RF	96.24	1.98335561433179
3250	FR	44.51	-1.64845759428252
3250	RF	81.7	1.91222205653242
3350	FR	60.96	-1.78504495833154
3350	RF	84.29	1.92577605383675
3450	FR	158.46	-2.19991965159057
3450	RF	70.56	1.84855857212376
3550	FR	200.54	-2.30220101060538
3550	RF	83.7	1.92272545799326
3650	FR	198.05	-2.29677484674031
3650	RF	83.35	1.92090560416402
3750	FR	134.43	-2.12849619863271
3750	RF	93.28	1.96978853741494
3850	FR	125.24	-2.09774305894488
3850	RF	108.85	2.03682843337711
3950	FR	133.63	-2.12590396840792
3950	RF	259.26	2.41373551669487
4050	FR	184.61	-2.26625522229765
4050	RF	646.39	2.81049462904993
4150	FR	152.49	-2.18324136442237
4150	RF	1153.01	3.06183307392608
4250	FR	162.82	-2.21170775040669
4250	RF	1208.4	3.08221071660124
4350	FR	149.97	-2.17600439147225
4350	RF	1259.45	3.10018093074233
4450	FR	171.7	-2.23477029516092
4450	RF	1135.64	3.05524068103006
4550	FR	139.36	-2.14413813766359
4550	RF	1104.72	3.04325221660558
4650	FR	110.96	-2.04516644806523
4650	RF	1092.79	3.03853671217504
4750	FR	93.35	-1.9701143222851
4750	RF	1078.5	3.03282014943856
4850	FR	123.05	-2.09008161803882
4850	RF	858.94	2.93396282788362
4950	FR	127.04	-2.10394048508302
4950	RF	518.72	2.71493299316842
5050	FR	116.64	-2.0668475109739
5050	RF	437.74	2.64121623358033
5150	FR	108.32	-2.03470865134107
5150	RF	415.19	2.61824688482807
5250	FR	70.96	-1.85101360682367
5250	RF	454.21	2.65725669152399
5350	FR	81.48	-1.91105102032813
5350	RF	388.68	2.5895921940578
5450	FR	75.43	-1.87754410771594
5450	RF	207.86	2.31777092295024
5550	FR	79.78	-1.90189403197382
5550	RF	113.67	2.05564585999466
5650	FR	94.75	-1.97657921864011
5650	RF	91.17	1.95985195479961
5750	FR	57.86	-1.76237842931196
5750	RF	93.41	1.9703933720796
5850	FR	31.3	-1.49554433754645
5850	RF	128.36	2.10842970842347
5950	FR	13.73	-1.13767053723676
5950	RF	131.51	2.11895877776643
6050	FR	18.15	-1.25887662937213
6050	RF	153.76	2.18684337032447
6150	FR	21.3	-1.32837960343874
6150	RF	159.36	2.20237932107962
6250	FR	20.99	-1.3220124385824
6250	RF	163.8	2.2143138974244
6350	FR	19.11	-1.28126068705501
6350	RF	183.67	2.26403822599312
6450	FR	31.94	-1.50433491180246
6450	RF	219.95	2.34232396631288
6550	FR	45.2	-1.65513843481138
6550	RF	267.63	2.42753479408904
6650	FR	33.3	-1.52244423350632
6650	RF	267.1	2.42667388802137
6750	FR	42.9	-1.63245729218472
6750	RF	294.36	2.46887879425401
6850	FR	38.99	-1.59095323518799
6850	RF	275.95	2.44083039840128
6950	FR	43.41	-1.6375897858387
6950	RF	218.84	2.34012670610543
7050	FR	30.88	-1.4896772916637
7050	RF	156.93	2.1957059747471
7150	FR	35.86	-1.55461028522616
7150	RF	114.7	2.05956341790127
7250	FR	32.98	-1.5182506513085
7250	RF	107.8	2.03261876085072
7350	FR	25.2	-1.40140054078154
7350	RF	80.54	1.90601162527141
7450	FR	14.81	-1.17055505852121
7450	RF	67.97	1.83231726992226
7550	FR	13.33	-1.12483014941386
7550	RF	97.37	1.9884251700063
7650	FR	15.76	-1.19755621315354
7650	RF	93.09	1.96890303030383
7750	FR	17.23	-1.23628527744803
7750	RF	92.39	1.96562496710924
7850	FR	18.48	-1.26670196688409
7850	RF	95.11	1.97822618167453
7950	FR	27.92	-1.44591541395112
7950	RF	80.73	1.90703495248342
8050	FR	40.92	-1.61193562504012
8050	RF	87.85	1.94374176583131
8150	FR	50.01	-1.69905685454767
8150	RF	94.74	1.97653338039194
8250	FR	60.67	-1.78297399494405
8250	RF	107.56	2.03165079355126
8350	FR	57.96	-1.76312837679914
8350	RF	100.21	2.00091106213122
8450	FR	56.62	-1.75296986502908
8450	RF	105.64	2.02382839253489
8550	FR	71.52	-1.85442750578786
8550	RF	102.79	2.0119508660594
8650	FR	74.28	-1.87087189506774
8650	RF	141.64	2.15118591808607
8750	FR	647.04	-2.81093112957489
8750	RF	189.5	2.27760921430409
8850	FR	1180.66	-3.07212484987178
8850	RF	194.52	2.28896426089614
8950	FR	1034.07	-3.01454993874317
8950	RF	162.24	2.21015793765324
9050	FR	321.77	-2.50754555050942
9050	RF	152.6	2.18355453361886
9150	FR	191.99	-2.28327860861021
9150	RF	149.19	2.17373971395189
9250	FR	179.51	-2.25408864691907
9250	RF	124.88	2.09649289005436
9350	FR	162.36	-2.21047904264525
9350	RF	127.87	2.10676866517681
9450	FR	198.43	-2.29760733238224
9450	RF	116.4	2.06595298031387
9550	FR	755.96	-2.87849881634927
9550	RF	154.91	2.19007945394151
9650	FR	2403.25	-3.38079895098411
9650	RF	243.68	2.38681988599197
9750	FR	4088.34	-3.61154700600721
9750	RF	316.57	2.50046975622507
9850	FR	3820.36	-3.58210428925905
9850	RF	146.7	2.16643011384328
9950	FR	3864.47	-3.58708994020553
9950	RF	90.6	1.95712819767681
10050	FR	4465.6	-3.64987981914456
10050	RF	152.89	2.1843790806586
10150	FR	4169.89	-3.6201245986133
10150	RF	118.92	2.0752549005329
10250	FR	3322.27	-3.52143492454679
10250	RF	81.45	1.91089108864453
10350	FR	596.61	-2.77569052845686
10350	RF	83.66	1.92251786024461
10450	FR	65.79	-1.81815988639719
10450	RF	160.12	2.20444558143307
10550	FR	87.35	-1.94126290931895
10550	RF	164.76	2.21685178328438
10650	FR	75.07	-1.87546641586639
10650	RF	177.16	2.24836567161272
10750	FR	101.25	-2.00539503188671
10750	RF	150.29	2.17693008445051
10850	FR	248.02	-2.39448670316258
10850	RF	146.48	2.16577833129364
10950	FR	562.65	-2.7502383232064
10950	RF	156.89	2.19559526300553
11050	FR	927.85	-2.96747777208337
11050	RF	126.69	2.10274233614457
11150	FR	846.75	-2.92775520531667
11150	RF	107.79	2.03257847192431
11250	FR	564.08	-2.75134070166899
11250	RF	141.01	2.14924991259028
11350	FR	98.06	-1.99149188891016
11350	RF	146.94	2.16714003550836
11450	FR	43.59	-1.63938686901768
11450	RF	159.03	2.20147905894609
11550	FR	38.83	-1.58916739054605
11550	RF	176.3	2.24625231229932
11650	FR	65.72	-1.81769755476302
11650	RF	199.18	2.29924572803494
11750	FR	74.22	-1.87052095001276
11750	RF	191.67	2.2825541428518
11850	FR	54.51	-1.7364761820277
11850	RF	150.25	2.17681448067478
11950	FR	52.03	-1.71625382589604
11950	RF	19.37	1.28712962071911
12050	FR	61.38	-1.7880268840958
12050	RF	11.6	1.06445798922692
12150	FR	66.44	-1.82242962377936
12150	RF	12.21	1.08671566394488
12250	FR	83.1	-1.91960102378411
12250	RF	9.51	1
12350	FR	65.33	-1.81511265818981
12350	RF	7.24	1
12450	FR	57.53	-1.7598943740255
12450	RF	5.08	1
12550	FR	75.27	-1.87662191603427
12550	RF	2.19	1
12650	FR	95.46	-1.97982143003022
12650	RF	7	1
12750	FR	96.66	-1.98524679080286
12750	RF	10.12	1.00518051250378
12850	FR	100.74	-2.00320194652169
12850	RF	12.4	1.09342168516223
12950	FR	94.36	-1.97478793221356
12950	RF	23.19	1.36530074863799
13050	FR	94.72	-1.97644168937884
13050	RF	275.01	2.43934848606975
13150	FR	111.17	-2.04598760566097
13150	RF	364.25	2.56139956044203
13250	FR	104.06	-2.01728382156002
13250	RF	339.84	2.53127449506536
13350	FR	104.97	-2.02106519720257
13350	RF	244.58	2.38842094066117
13450	FR	113.47	-2.05488105486277
13450	RF	47.63	1.67788058151159
13550	FR	112.83	-2.05242458814206
13550	RF	63.03	1.79954730712561
13650	FR	118.36	-2.0732049564886
13650	RF	81.4	1.9106244048892
13750	FR	100.91	-2.00393420617371
13750	RF	118.53	2.07382828440111
13850	FR	136.64	-2.13557785334493
13850	RF	103.49	2.01489838694621
13950	FR	130.24	-2.11474438754513
13950	RF	92.3	1.96520170102591
14050	FR	156.63	-2.19487494793038
14050	RF	71.2	1.85247999363686
14150	FR	3843.5	-3.58472688540529
14150	RF	35.69	1.55254654795566
14250	FR	8216.65	-3.91469478797082
14250	RF	40.11	1.60325266198165
14350	FR	8520.79	-3.93047986198916
14350	RF	50.85	1.70629095725876
14450	FR	7325.29	-3.86482482259703
14450	RF	98.09	1.99162473453401
14550	FR	6312.39	-3.80019382315694
14550	RF	184.08	2.26500660566059
14650	FR	5500.54	-3.74040532722301
14650	RF	166.48	2.22136206720357
14750	FR	4856.32	-3.68630729620051
14750	RF	101.74	2.00749173329534
14850	FR	4842.72	-3.68508935940989
14850	RF	98.06	1.99149188891016
14950	FR	4511.45	-3.65431614848315
14950	RF	41.7	1.62013605497376
15050	FR	4554.65	-3.65845500943002
15050	RF	26.82	1.42845877351558
15150	FR	4171.69	-3.62031202835192
15150	RF	28.41	1.45347123372294
15250	FR	4013.57	-3.60353084183593
15250	RF	46.14	1.66407759018507
15350	FR	3623.63	-3.55914384652083
15350	RF	139.08	2.14326468201122
15450	FR	3461.7	-3.53928942807144
15450	RF	165.25	2.21814146815768
15550	FR	3532.8	-3.54811905171309
15550	RF	172.08	2.23573039737941
15650	FR	3396.18	-3.53099070010404
15650	RF	156.87	2.19553989654932
15750	FR	2757.93	-3.44058323899736
15750	RF	133.93	2.12687786883527
15850	FR	2847.59	-3.45447745913768
15850	RF	110.94	2.04508816154282
15950	FR	2892.97	-3.4613439300524
15950	RF	100.66	2.00285692606112
16050	FR	10559.26	-4.02363348361659
16050	RF	116.72	2.0671452788854
16150	FR	61006.6	-4.78537682170793
16150	RF	239.13	2.3786340638496
16250	FR	74888.46	-4.87441489988309
16250	RF	373.85	2.5726973849827
16350	FR	73326.38	-4.86526024513701
16350	RF	457.09	2.66000172010288
16450	FR	58334.56	-4.76592592646314
16450	RF	399.62	2.60164721547056
16550	FR	46982.1	-4.6719324249156
16550	RF	382.11	2.58218840352979
16650	FR	49118.95	-4.69124907445885
16650	RF	527.7	2.72238709417712
16750	FR	49031.58	-4.69047588823344
16750	RF	674.93	2.82925873254929
16850	FR	52745.37	-4.72218434317917
16850	RF	1135.34	3.05512593907255
16950	FR	53123.67	-4.72528807023218
16950	RF	2207.19	3.34383971984035
17050	FR	53354.85	-4.72717390328253
17050	RF	3644.25	3.56160816245471
17150	FR	64604.43	-4.81026229908782
17150	RF	5616.08	3.74943328560877
17250	FR	61695.49	-4.79025341784682
17250	RF	4639.14	3.66643747885849
17350	FR	58926.72	-4.77031226791434
17350	RF	3606.64	3.55710279498924
17450	FR	55142.95	-4.74148999598179
17450	RF	2120.09	3.3263542975673
17550	FR	51118.7	-4.70857980074492
17550	RF	486.51	2.68709177142901
17650	FR	46071.91	-4.66343621714232
17650	RF	361.56	2.55818037772098
17750	FR	20711.32	-4.31620777877986
17750	RF	332.83	2.52222246499626
17850	FR	1928.83	-3.28529395220823
17850	RF	254.11	2.40502175619308
17950	FR	1609.26	-3.20662621653105
17950	RF	201.03	2.30326087265558
18050	FR	1282.84	-3.10817249312454
18050	RF	184.77	2.26663145880992
18150	FR	1124.09	-3.05080108431009
18150	RF	166.59	2.22164892819223
18250	FR	1010.12	-3.00437297006196
18250	RF	139.32	2.1440134657862
18350	FR	1051.17	-3.02167295778993
18350	RF	160.29	2.20490642890257
18450	FR	1188.4	-3.07496264313163
18450	RF	138.2	2.14050804303818
18550	FR	1051.82	-3.021941424518
18550	RF	156.38	2.19418120879385
18650	FR	969.03	-2.98633722249223
18650	RF	188.76	2.27590996867091
18750	FR	1161.55	-3.0650379091485
18750	RF	223.87	2.34999589926286
18850	FR	1451.85	-3.16192174891407
18850	RF	283.86	2.45310419843221
18950	FR	1375.46	-3.13844796511329
18950	RF	274.73	2.43890608615179
19050	FR	1149.71	-3.06058830880362
19050	RF	224.44	2.35110026003142
19150	FR	1058.88	-3.02484674547976
19150	RF	155.58	2.19195376715299
19250	FR	1037.04	-3.01579550802284
19250	RF	135.23	2.13107304803435
19350	FR	1098.83	-3.04093050791689
19350	RF	172.06	2.23567991856469
19450	FR	1106.82	-3.04407699814795
19450	RF	211.61	2.32553618719207
19550	FR	1078.21	-3.0327033554324
19550	RF	202.49	2.30640358038004
19650	FR	1078.66	-3.03288457406838
19650	RF	196.97	2.29440008490981
19750	FR	1077.28	-3.03232859712387
19750	RF	168.14	2.22567104308114
19850	FR	967.44	-2.98562403986466
19850	RF	130.15	2.11444417244525
19950	FR	795.36	-2.90056374579492
19950	RF	113.41	2.05465135044174
20050	FR	415.62	-2.61869643802048
20050	RF	140.35	2.14721241697046
20150	FR	396.44	-2.59817746746525
20150	RF	129.76	2.11314083686708
20250	FR	424.73	-2.62811293764317
20250	RF	105.59	2.02362278987901
20350	FR	451.18	-2.65434983990669
20350	RF	104.88	2.02069267868203
20450	FR	398.41	-2.60033023058077
20450	RF	114.35	2.05823616894277
20550	FR	374.92	-2.57393860835423
20550	RF	124.66	2.09572712255598
20650	FR	391.44	-2.59266520275188
20650	RF	98.82	1.9948448495534
20750	FR	415.5	-2.61857102812013
20750	RF	81.8	1.91275330367132
20850	FR	472.38	-2.67429150182566
20850	RF	88.53	1.94709046421962
20950	FR	454.72	-2.65774405624738
20950	RF	76.04	1.88104210819341
21050	FR	437.33	-2.64080927013601
21050	RF	83.46	1.92147838037569
21150	FR	415.92	-2.61900980442552
21150	RF	71.57	1.85473101721394
21250	FR	328.82	-2.5169582250039
21250	RF	79.19	1.89867034296553
21350	FR	145.81	-2.163787309962
21350	RF	119.01	2.07558345519381
21450	FR	134.44	-2.12852850379744
21450	RF	83.28	1.92054071650248
21550	FR	116.87	-2.06770304404007
21550	RF	65.65	1.8172347304255
21650	FR	133.19	-2.12447161891949
21650	RF	61.91	1.7917608040129
21750	FR	100.39	-2.00169045423215
21750	RF	53.59	1.72908375704361
21850	FR	73.02	-1.86344182861371
21850	RF	50.01	1.69905685454767
21950	FR	67.7	-1.83058866868514
21950	RF	59.75	1.77633790962018
22050	FR	56.01	-1.74826557266874
22050	RF	67.78	1.83110156450136
22150	FR	57.4	-1.75891189239797
22150	RF	90.36	1.95597622224833
22250	FR	67.99	-1.83244504117411
22250	RF	80.04	1.90330707996417
22350	FR	58.25	-1.76529592969806
22350	RF	56.21	1.74981358529294
22450	FR	82.4	-1.91592721169712
22450	RF	48.3	1.68394713075151
22550	FR	84.24	-1.92551835817743
22550	RF	59.12	1.77173442538677
22650	FR	101.97	-2.00847241930272
22650	RF	66.98	1.82594514320385
22750	FR	116.6	-2.06669855042299
22750	RF	45.5	1.65801139665711
22850	FR	136.97	-2.13662545576093
22850	RF	63.84	1.80509287834267
22950	FR	113.79	-2.05610409742245
22950	RF	63.68	1.80400305472961
23050	FR	98.46	-1.99325983143674
23050	RF	57.2	1.75739602879302
23150	FR	116.85	-2.06762871672825
23150	RF	55.22	1.74209640230324
23250	FR	110.75	-2.04434373489511
23250	RF	48.27	1.68367729881869
23350	FR	105.21	-2.02205702060116
23350	RF	51.05	1.70799574642293
23450	FR	90.06	-1.95453194262691
23450	RF	63.75	1.80448018910599
23550	FR	110.68	-2.04406915046891
23550	RF	194.33	2.28853985067046
23650	FR	140.77	-2.148510110611
23650	RF	232.74	2.3668710299837
23750	FR	143.47	-2.15676109830662
23750	RF	216.19	2.33483560152636
23850	FR	140.16	-2.14662408882401
23850	RF	176.4	2.2464985807958
23950	FR	78.32	-1.89387267879508
23950	RF	176.71	2.24726112688047
24050	FR	71.14	-1.85211386084976
24050	RF	141.91	2.15201300005083
24150	FR	84.18	-1.925208921412
24150	RF	125.61	2.09902421561089
24250	FR	71.09	-1.85180851422824
24250	RF	110.78	2.04446136081066
24350	FR	87.39	-1.94146173934733
24350	RF	105.72	2.02415715445967
24450	FR	103.64	-2.01552740431379
24450	RF	104.5	2.01911629044707
24550	FR	138.88	-2.14263970783242
24550	RF	111.52	2.04735276075393
24650	FR	181.95	-2.25995205992225
24650	RF	119.18	2.07620338108877
24750	FR	181.3	-2.25839780409551
24750	RF	113.89	2.05648559295112
24850	FR	182.49	-2.26123907118259
24850	RF	108.07	2.03370515146785
24950	FR	199.21	-2.29931113547228
24950	RF	89.47	1.9516774373433
25050	FR	201.28	-2.30380062376517
25050	RF	68.07	1.8329557506046
25150	FR	197.62	-2.29583089495858
25150	RF	58.46	1.76685881102142
25250	FR	217.31	-2.33707971180093
25250	RF	86.56	1.93731724776249
25350	FR	232.85	-2.36707624226875
25350	RF	85.47	1.93181370395914
25450	FR	278.46	-2.44476281880267
25450	RF	87.6	1.94250410616808
25550	FR	381.44	-2.58142623372412
25550	RF	60.88	1.78447464376252
25650	FR	496.06	-2.69553420893571
25650	RF	73.22	1.86462972454551
25750	FR	566.3	-2.75304656162653
25750	RF	121.79	2.08561163047165
25850	FR	437.05	-2.64053112457209
25850	RF	75.76	1.87943996599522
25950	FR	257.72	-2.41114812267431
25950	RF	34.25	1.53466057582844
