Position	Strand	Depth	Trans_Depth
50	FR	19.27	-1.28488171465545
50	RF	145.93	2.16414458247018
150	FR	37.08	-1.56913972547246
150	RF	668.02	2.8247894651097
250	FR	38.15	-1.5814945422909
250	RF	773.17	2.88827499449358
350	FR	32.07	-1.50609895992844
350	RF	718.42	2.85637841409457
450	FR	26.86	-1.4291060083327
450	RF	586.8	2.76849010517124
550	FR	36.05	-1.55690526905545
550	RF	412.69	2.61562394550103
650	FR	40.12	-1.60336092434838
650	RF	393.35	2.59477915450515
750	FR	29.84	-1.47479881880063
750	RF	381.65	2.58166526671762
850	FR	34.71	-1.54045461367141
850	RF	479.37	2.6806708514704
950	FR	5227.8	-3.71831896441772
950	RF	533.87	2.727435517036
1050	FR	8638.92	-3.93645945227545
1050	RF	519.09	2.71524266250117
1150	FR	8910.02	-3.9498786788831
1150	RF	500.82	2.69968166388489
1250	FR	6943.85	-3.84160033070589
1250	RF	465.3	2.66773305253327
1350	FR	4389.31	-3.64239625446881
1350	RF	446.21	2.64953929901854
1450	FR	2755.06	-3.44013106140384
1450	RF	397.98	2.59986124768202
1550	FR	1025.25	-3.01082977795952
1550	RF	329.08	2.51730148863416
1650	FR	1114.52	-3.04708786627674
1650	RF	282.87	2.4515868904569
1750	FR	1224.52	-3.08796588282023
1750	RF	284.31	2.45379213534447
1850	FR	1053.88	-3.02279116276953
1850	RF	321.61	2.50732954404812
1950	FR	657.83	-2.81811367537553
1950	RF	335.12	2.52520034735316
2050	FR	683.51	-2.83474487283661
2050	RF	235.88	2.37269111910577
2150	FR	875.99	-2.94249914844022
2150	RF	229.21	2.36023356115783
2250	FR	1008.61	-3.00372326971573
2250	RF	250.49	2.39879039275214
2350	FR	969.04	-2.98634170421355
2350	RF	239.43	2.37917856552813
2450	FR	840.76	-2.92467204151625
2450	RF	240.99	2.38199902168307
2550	FR	855.03	-2.93198135286371
2550	RF	256.45	2.40900270340177
2650	FR	1959.31	-3.29210315505457
2650	RF	267.31	2.42701520590799
2750	FR	2753.16	-3.43983145116737
2750	RF	257.24	2.41033850091073
2850	FR	2918.7	-3.4651894581123
2850	RF	232.23	2.36591832217634
2950	FR	2497.21	-3.39745506538152
2950	RF	193.68	2.28708477643368
3050	FR	2185.67	-3.33958459128352
3050	RF	129.43	2.11203495117343
3150	FR	1551.96	-3.19088052362117
3150	RF	130.12	2.11434405460982
3250	FR	1194.57	-3.07721160383307
3250	RF	114.07	2.05717144154727
3350	FR	869.89	-2.93946433835039
3350	RF	121.9	2.08600370561838
3450	FR	700.34	-2.84530893183588
3450	RF	124.89	2.09652766560644
3550	FR	508.79	-2.70653856689449
3550	RF	102.96	2.01266853389633
3650	FR	605.64	-2.78221455078131
3650	RF	70.94	1.85089118413592
3750	FR	713.38	-2.85332092948875
3750	RF	65.58	1.81677141233335
3850	FR	719.9	-2.85727217356404
3850	RF	57.69	1.76110053895814
3950	FR	648.6	-2.81197694433695
3950	RF	62	1.79239168949825
4050	FR	774.42	-2.88897656043861
4050	RF	72.21	1.85859734499469
4150	FR	790.3	-2.89779198193922
4150	RF	88.53	1.94709046421962
4250	FR	759.93	-2.88077358963099
4250	RF	60.28	1.78017324364259
4350	FR	664.46	-2.82246884185941
4350	RF	74.94	1.87471368875778
4450	FR	700.12	-2.84517248411613
4450	RF	72.74	1.86177329671869
4550	FR	753.3	-2.87696796743258
4550	RF	102.14	2.00919585351952
4650	FR	838.25	-2.92337356210086
4650	RF	110.35	2.04277233749767
4750	FR	862.19	-2.9356029814383
4750	RF	63.38	1.80195223485428
4850	FR	874.26	-2.94164060857634
4850	RF	24.85	1.39532639306935
4950	FR	834.73	-2.92154602222333
4950	RF	28.99	1.462248215355
5050	FR	736.65	-2.86726119318728
5050	RF	26.32	1.42028588494192
5150	FR	741.48	-2.8700994412622
5150	RF	31.17	1.49373680227684
5250	FR	654.58	-2.81596273176586
5250	RF	47.27	1.67458560230291
5350	FR	786.84	-2.89588642971414
5350	RF	60.75	1.78354628227035
5450	FR	842.38	-2.92550804716989
5450	RF	68.89	1.83815618475215
5550	FR	768.94	-2.88589245334432
5550	RF	41.56	1.61867553888514
5650	FR	798.09	-2.90205186916954
5650	RF	36.49	1.56217386336465
5750	FR	824.72	-2.91630652661638
5750	RF	35.22	1.54678935163126
5850	FR	1012.54	-3.00541218886067
5850	RF	45.5	1.65801139665711
5950	FR	1003.57	-3.00154767034963
5950	RF	47.27	1.67458560230291
6050	FR	1063.72	-3.02682732489694
6050	RF	48.29	1.68385720540035
6150	FR	1070.45	-3.02956638650087
6150	RF	30.61	1.48586332959733
6250	FR	1148.22	-3.06002510725377
6250	RF	32.43	1.51094694867297
6350	FR	1134.49	-3.05480067213461
6350	RF	29.82	1.47450763911698
6450	FR	1170.1	-3.06822297934645
6450	RF	29.22	1.46568021159828
6550	FR	1087.74	-3.03652509935176
6550	RF	37.85	1.57806588383609
6650	FR	1115.89	-3.04762138568799
6650	RF	51.21	1.7093547758344
6750	FR	1281.49	-3.10771522155283
6750	RF	54.46	1.73607763700395
6850	FR	1444.81	-3.15981073887322
6850	RF	53.8	1.73078227566639
6950	FR	1537.03	-3.18668234421237
6950	RF	60.24	1.77988496319264
7050	FR	1489.9	-3.17315712015347
7050	RF	66.3	1.82151352840477
7150	FR	1323.84	-3.12183549921542
7150	RF	60.04	1.77844068357123
7250	FR	1390.17	-3.14306791215877
7250	RF	46.44	1.66689221106654
7350	FR	1731.56	-3.23843754481268
7350	RF	59.22	1.77246840305328
7450	FR	1715.61	-3.23441856900336
7450	RF	57.35	1.75853342223729
7550	FR	1585.73	-3.20022924257026
7550	RF	75.34	1.87702561586725
7650	FR	1567.3	-3.19515213359329
7650	RF	96.88	1.986234130135
7750	FR	1486.94	-3.17229344451749
7750	RF	173.8	2.24004977211265
7850	FR	1456.05	-3.1631762886798
7850	RF	295.21	2.47013106477452
7950	FR	1544.3	-3.18873167144574
7950	RF	279.56	2.44647503180179
8050	FR	1439.71	-3.15827502120396
8050	RF	172.87	2.23771963199625
8150	FR	1227.76	-3.08911348010939
8150	RF	57.18	1.75724415102197
8250	FR	1145.35	-3.05893822016192
8250	RF	62.98	1.79920265630053
8350	FR	1094.02	-3.03902526149489
8350	RF	73.6	1.8668778143375
8450	FR	1102.76	-3.04248100471853
8450	RF	96.96	1.98659260682221
8550	FR	1196.43	-3.07788729425489
8550	RF	117.88	2.07144012717789
8650	FR	1284.36	-3.1086867714742
8650	RF	133.63	2.12590396840792
8750	FR	1406.23	-3.14805635877888
8750	RF	144.63	2.16025838620267
8850	FR	1467.63	-3.16661658063998
8850	RF	135.26	2.13116938308932
8950	FR	1526.47	-3.18368827344799
8950	RF	144.9	2.16106838547117
9050	FR	1865.91	-3.27089069222613
9050	RF	179.19	2.25331376946673
9150	FR	2105.21	-3.32329542430102
9150	RF	210.71	2.32368514710199
9250	FR	2573.67	-3.41055286021918
9250	RF	218.15	2.33875521732284
9350	FR	2284.62	-3.35881397437208
9350	RF	186.88	2.27156282543231
9450	FR	1796.85	-3.25451182396968
9450	RF	145.23	2.16205633736055
9550	FR	670.86	-2.82663189785715
9550	RF	135.01	2.13036593726521
9650	FR	142.57	-2.1540281496032
9650	RF	82.18	1.91476613692585
