Position	Strand	Depth	Trans_Depth
50	FR	18.23	-1.26078666865498
50	RF	59.53	1.77473588255175
150	FR	33.98	-1.53122337453303
150	RF	294.49	2.46907055203125
250	FR	26.61	-1.42504487455139
250	RF	958.83	2.98174161383745
350	FR	17.99	-1.25503116334555
350	RF	974.61	2.98883086315295
450	FR	32.19	-1.50772097668561
450	RF	1637.96	3.21430329181305
550	FR	73.35	-1.8654001181793
550	RF	3283.45	3.51633040728741
650	FR	82.54	-1.9166644645414
650	RF	3430.5	3.53535742366243
750	FR	158.3	-2.19948091486236
750	RF	3816.86	3.58170623059554
850	FR	232.72	-2.366833708239
850	RF	3856.38	3.58617982185214
950	FR	242.57	-2.38483708820368
950	RF	3860.54	3.58664805664522
1050	FR	209.69	-2.3215777196958
1050	RF	3820.23	3.58208951074518
1150	FR	104.15	-2.01765927428376
1150	RF	3331.47	3.52263590678527
1250	FR	57.24	-1.75769962508774
1250	RF	3732.18	3.57196258124852
1350	FR	141.18	-2.14977317755966
1350	RF	5850.49	3.76719224136155
1450	FR	140.01	-2.14615905560482
1450	RF	5713.95	3.75693643576337
1550	FR	136.9	-2.13640344813399
1550	RF	5300.67	3.7243307675088
1650	FR	196.59	-2.2935614226758
1650	RF	3876.66	3.58845771315607
1750	FR	222.88	-2.34807109907989
1750	RF	3993.85	3.60139174971956
1850	FR	213.51	-2.32941822054659
1850	RF	4479.41	3.65122081519941
1950	FR	212.69	-2.32774707125246
1950	RF	4556.45	3.65862660892462
2050	FR	182.38	-2.26097721137248
2050	RF	7275.09	3.86183837033995
2150	FR	203.42	-2.30839364997626
2150	RF	13536.73	4.13151376667775
2250	FR	189.6	-2.27783833300205
2250	RF	15254.14	4.18338772795465
2350	FR	311.47	-2.49341622286713
2350	RF	14520.59	4.16198426295764
2450	FR	500.43	-2.69934333708037
2450	RF	14553.96	4.16298117697521
2550	FR	457.04	-2.65995421105249
2550	RF	14603.85	4.16446736354728
2650	FR	312.82	-2.4952945116895
2650	RF	13219.73	4.121222585202
2750	FR	176.32	-2.24630157717169
2750	RF	7369.11	3.86741503936123
2850	FR	167.9	-2.22505069613805
2850	RF	3753.01	3.5743797216044
2950	FR	165.03	-2.21756289966943
2950	RF	1913.89	3.28191697327059
3050	FR	164.11	-2.21513504548026
3050	RF	1760.7	3.24568536423324
3150	FR	161.99	-2.20948820541383
3150	RF	1815.9	3.25909192863221
3250	FR	161.34	-2.20774205260695
3250	RF	1566.58	3.19495257775039
3350	FR	236.29	-2.37344534229798
3350	RF	1858.63	3.26919294278345
3450	FR	239.49	-2.37928738399071
3450	RF	1945.18	3.28895979557931
3550	FR	195.25	-2.29059104254934
3550	RF	1927.87	3.2850777452379
3650	FR	198	-2.29666519026153
3650	RF	2003.97	3.30189121573214
3750	FR	225.46	-2.35306950266545
3750	RF	2859.51	3.45629161965773
3850	FR	226.71	-2.35547067693744
3850	RF	4922.38	3.69217513751243
3950	FR	215.38	-2.33320537262534
3950	RF	5279.7	3.72260924600993
4050	FR	197.06	-2.29459847845371
4050	RF	4887.57	3.6890929904338
4150	FR	195.11	-2.29027952892052
4150	RF	3597.35	3.55598269405258
4250	FR	204.55	-2.31079948383439
4250	RF	4577.31	3.66061032617655
4350	FR	257.39	-2.41059166988312
4350	RF	4784.75	3.67985925110829
4450	FR	466.65	-2.66899127016438
4450	RF	6886.38	3.83799098400178
4550	FR	520.62	-2.71652084783545
4550	RF	7690.86	3.88597490577951
4650	FR	419.13	-2.62234874737206
4650	RF	7307.58	3.86377357851026
4750	FR	253.53	-2.4040293564251
4750	RF	4172.98	3.62044630325701
4850	FR	110.4	-2.04296907339318
4850	RF	265.48	2.42403180897001
4950	FR	88.9	-1.94890176097021
4950	RF	114.72	2.05963913832372
5050	FR	91.78	-1.96274805335864
5050	RF	77.94	1.89176040145667
5150	FR	128.22	-2.10795577254771
5150	RF	84.16	1.92510572680966
5250	FR	170.47	-2.2316479611536
5250	RF	115.56	2.06280753317216
5350	FR	186.55	-2.27079525337685
5350	RF	131.28	2.11819856804504
5450	FR	187.56	-2.27314022406681
5450	RF	153.29	2.18551382421854
5550	FR	177.53	-2.2492717530731
5550	RF	163.56	2.2136771018823
5650	FR	193.83	-2.28742099575983
5650	RF	138.26	2.14069655254641
5750	FR	187.51	-2.27302443381846
5750	RF	100.8	2.00346053210951
5850	FR	232.74	-2.3668710299837
5850	RF	82.51	1.91650658711516
5950	FR	228.53	-2.35894321963233
5950	RF	66.34	1.82177546718346
6050	FR	252.15	-2.40165897249515
6050	RF	59.9	1.77742682238931
6150	FR	252.22	-2.40177952135384
6150	RF	77.98	1.89198323085197
6250	FR	241.89	-2.38361791451902
6250	RF	90.44	1.95636055367332
6350	FR	255.36	-2.40715286967064
6350	RF	84.69	1.92783213286658
6450	FR	282.54	-2.45107994082637
6450	RF	81.39	1.91057104848126
6550	FR	277.1	-2.44263652578223
6550	RF	62.76	1.7976829349149
6650	FR	253.2	-2.40346370134532
6650	RF	57.03	1.75610337158511
6750	FR	266.54	-2.42576239338401
6750	RF	46.24	1.66501782541247
6850	FR	210.61	-2.32347898813016
6850	RF	46.88	1.67098760301003
6950	FR	226.54	-2.35514489617457
6950	RF	35.37	1.54863505981475
7050	FR	278.99	-2.44558863688417
7050	RF	57.47	1.7594411971337
7150	FR	317.64	-2.50193518734897
7150	RF	66.47	1.82262567877414
7250	FR	379.03	-2.5786735854795
7250	RF	80.56	1.90611945754556
7350	FR	380.06	-2.57985216401667
7350	RF	71.15	1.8521749044203
7450	FR	382.66	-2.58281306717043
7450	RF	52.97	1.7240299729356
7550	FR	393.1	-2.59450304382009
7550	RF	57.86	1.76237842931196
7650	FR	380.74	-2.58062850556855
7650	RF	54.41	1.7356787259059
7750	FR	331.94	-2.52105958965643
7750	RF	92.25	1.9649663748311
7850	FR	267.75	-2.42772947950389
7850	RF	81.36	1.91041093991469
7950	FR	182.99	-2.26242735714309
7950	RF	60.44	1.78132445566699
