Position	Strand	Depth	Trans_Depth
50	FR	65.44	-1.81584329066327
50	RF	3178.89	3.50227550016405
150	FR	171.33	-2.23383341488443
150	RF	8623.63	3.93569011467876
250	FR	208.46	-2.31902273343041
250	RF	9218.55	3.96466261557407
350	FR	166.31	-2.22091836355655
350	RF	9523.8	3.97881026663536
450	FR	132.56	-2.12241249541128
450	RF	2227.1	3.34773971792005
550	FR	141.9	-2.15198239545747
550	RF	402.78	2.60506789756856
650	FR	139.34	-2.14407580619855
650	RF	349.24	2.54312397954786
750	FR	90.93	-1.95870719108728
750	RF	324.14	2.51073262778433
850	FR	70.5	-1.8481891169914
850	RF	285.37	2.45540831524229
950	FR	58.38	-1.766264090652
950	RF	274.89	2.43915894128468
1050	FR	60.71	-1.78326023287295
1050	RF	251.67	2.40083144911623
1150	FR	82.47	-1.91629599456313
1150	RF	296.86	2.47255168311443
1250	FR	75.3	-1.8767949762007
1250	RF	296.05	2.47136506541802
1350	FR	82.03	-1.91397271155097
1350	RF	245.77	2.39052886947961
1450	FR	85.19	-1.93038861824432
1450	RF	216.77	2.33599917760813
1550	FR	102.61	-2.01118968760999
1550	RF	127.06	2.10400885099924
1650	FR	131.59	-2.11922288692358
1650	RF	78.54	1.8950908969344
1750	FR	158.77	-2.20076844478317
1750	RF	76.19	1.88189797357301
1850	FR	142.51	-2.15384534008096
1850	RF	59.4	1.77378644498119
1950	FR	149.22	-2.17382703565358
1950	RF	63.18	1.80057962156913
2050	FR	136.63	-2.13554606833508
2050	RF	70.13	1.84590383889878
2150	FR	94.1	-1.97358962342726
2150	RF	67.95	1.83218946106851
2250	FR	72.01	-1.8573928109209
2250	RF	67.16	1.82711068746601
2350	FR	77.12	-1.88716702089477
2350	RF	53.21	1.72599325892472
2450	FR	78.38	-1.89420525914208
2450	RF	45.09	1.65408023530657
2550	FR	76.77	-1.88519154060685
2550	RF	30.9	1.48995847942483
2650	FR	82.22	-1.91497747244433
2650	RF	39.69	1.59868109890716
2750	FR	94.59	-1.97584522546757
2750	RF	46.57	1.66810623793273
2850	FR	76.39	-1.88303651002768
2850	RF	50.86	1.70637635583969
2950	FR	65.44	-1.81584329066327
2950	RF	37.85	1.57806588383609
3050	FR	60.38	-1.78089310868708
3050	RF	69.4	1.84135947045485
3150	FR	92.64	-1.96679854638336
3150	RF	79.03	1.89779198193922
3250	FR	116.43	-2.06606489745968
3250	RF	77.1	1.88705437805096
3350	FR	130.41	-2.1153108949105
3350	RF	58.47	1.76693309383728
3450	FR	119.47	-2.07725886369295
3450	RF	36.72	1.5649026725292
3550	FR	106.86	-2.02881516984689
3550	RF	45.36	1.65667304588485
3650	FR	125.59	-2.09895506043847
3650	RF	56.43	1.75151005027004
3750	FR	131.32	-2.1183308740573
3750	RF	70.98	1.85113599501157
3850	FR	129.37	-2.11183357814885
3850	RF	80.95	1.90821685308939
3950	FR	126.05	-2.10054285001246
3950	RF	60.71	1.78326023287295
4050	FR	132.03	-2.12067262328261
4050	RF	57.29	1.75807882224961
4150	FR	157.85	-2.19824458622824
4150	RF	97.26	1.98793426523216
4250	FR	144.72	-2.16052855385176
4250	RF	110.63	2.04387291239142
4350	FR	128.72	-2.10964603109097
4350	RF	121.05	2.08296479377775
4450	FR	128.89	-2.1102192236894
4450	RF	87.36	1.94131262536066
4550	FR	140.18	-2.14668605564753
4550	RF	75.36	1.87714088978482
4650	FR	165.12	-2.21779967994712
4650	RF	67.4	1.82865989653532
4750	FR	155.88	-2.19279039712065
4750	RF	93.5	1.97081161087252
4850	FR	148.03	-2.17034973913918
4850	RF	113.83	2.05625673585014
4950	FR	145.2	-2.16196661636407
4950	RF	100.81	2.00350361474254
5050	FR	153.33	-2.1856271356749
5050	RF	107.77	2.03249788285711
5150	FR	185.72	-2.26885867499414
5150	RF	90.39	1.95612038639302
5250	FR	192.13	-2.28359518275454
5250	RF	82.08	1.91423734776774
5350	FR	273.66	-2.43721132262458
5350	RF	70.01	1.84516007765195
5450	FR	247.45	-2.39348745814717
5450	RF	54.55	1.73679475492436
5550	FR	234.87	-2.37082754778438
5550	RF	60.22	1.77974075117674
5650	FR	75.42	-1.8774865280696
5650	RF	55.62	1.74523098452814
5750	FR	28.44	-1.45392959205773
5750	RF	50.77	1.7056071634046
5850	FR	36.18	-1.55846856252379
5850	RF	78.28	1.89365081698596
5950	FR	30.81	-1.48869169831694
5950	RF	105.44	2.02300539724993
6050	FR	24.93	-1.39672227850377
6050	RF	99.94	1.99973934510657
6150	FR	20.31	-1.30770992340481
6150	RF	102.68	2.01148585999941
6250	FR	17.37	-1.2397998184471
6250	RF	112.14	2.04976055176248
6350	FR	12.81	-1.10754912974469
6350	RF	78.42	1.89442683796419
6450	FR	14.69	-1.16702179579026
6450	RF	75.9	1.88024177589548
6550	FR	27.01	-1.43152458418745
6550	RF	76.18	1.88184096832493
6650	FR	38.63	-1.58692470814482
6650	RF	68.03	1.83270047096057
6750	FR	47.16	-1.67357379642305
6750	RF	107.86	2.03286041595214
6850	FR	31.43	-1.49734438101758
6850	RF	178.36	2.25129746367757
6950	FR	38.23	-1.58240429801903
6950	RF	168.77	2.22729525039171
7050	FR	42.75	-1.63093611906419
7050	RF	137.39	2.13795512353236
7150	FR	47.08	-1.6728364541714
7150	RF	89.97	1.95409772047919
7250	FR	50.98	-1.70739983113325
7250	RF	72.49	1.86027809975223
7350	FR	63.91	-1.80556881754856
7350	RF	75.61	1.87857923806222
7450	FR	58.04	-1.7637274037657
7450	RF	67.5	1.82930377283102
7550	FR	59.45	-1.77415185895471
7550	RF	71.2	1.85247999363686
7650	FR	68.61	-1.83638741932641
7650	RF	76.67	1.88462546325623
7750	FR	65.69	-1.81749926186776
7750	RF	62.21	1.79386020134267
7850	FR	79	-1.89762709129044
7850	RF	64	1.80617997398389
7950	FR	83.01	-1.91913041386061
7950	RF	47.73	1.67879143436624
8050	FR	130.29	-2.11491108408189
8050	RF	41.57	1.61878002450621
8150	FR	128.34	-2.10836203495517
8150	RF	34.78	1.54132957766669
8250	FR	124.42	-2.09489019700665
8250	RF	26.86	1.4291060083327
8350	FR	66.89	-1.82536119595263
8350	RF	36.51	1.56241183294973
8450	FR	27.06	-1.4323277922616
8450	RF	53.79	1.73070154428185
8550	FR	27.33	-1.43663963169266
8550	RF	84.02	1.92438267720197
8650	FR	30.63	-1.48614699680657
8650	RF	76.12	1.88149877961498
8750	FR	30.46	-1.48372989900002
8750	RF	82.4	1.91592721169712
8850	FR	32.19	-1.50772097668561
8850	RF	69.05	1.83916368291465
8950	FR	34.36	-1.5360531551592
8950	RF	40.15	1.6036855496147
9050	FR	29.88	-1.47538059314336
9050	RF	21.67	1.33585891131982
9150	FR	39.02	-1.5912872650585
9150	RF	13.01	1.11427729656159
9250	FR	34.77	-1.54120469068326
9250	RF	8.74	1
9350	FR	29.52	-1.470116353151
9350	RF	14.3	1.15533603746506
9450	FR	34.9	-1.54282542695918
9450	RF	26.03	1.41547416810924
9550	FR	20.49	-1.31154195840119
9550	RF	21.63	1.33505651943909
9650	FR	21.22	-1.32674537956532
9650	RF	39.89	1.60086403630984
9750	FR	35.86	-1.55461028522616
9750	RF	52.54	1.72049006845005
9850	FR	34.57	-1.53869937954241
9850	RF	62.81	1.79802879340407
9950	FR	33.4	-1.52374646681156
9950	RF	56.99	1.75579865697383
10050	FR	23.84	-1.3773062510682
10050	RF	61.25	1.78710609303657
10150	FR	18.03	-1.2559957267224
10150	RF	75.31	1.87685264760134
10250	FR	19.26	-1.28465628278852
10250	RF	63.83	1.8050248444298
10350	FR	20.78	-1.31764554322116
10350	RF	102.45	2.01051196273721
10450	FR	20.25	-1.30642502755069
10450	RF	262.36	2.41889762223
10550	FR	33.98	-1.53122337453303
10550	RF	329.21	2.51747301876034
10650	FR	42.01	-1.62335268153799
10650	RF	362.01	2.5587205674526
10750	FR	50.01	-1.69905685454767
10750	RF	223.69	2.34964656951508
10850	FR	54.41	-1.7356787259059
10850	RF	132.83	2.12329617264531
10950	FR	35.66	-1.55218133883934
10950	RF	134.79	2.12965767331269
11050	FR	19.59	-1.29203443599474
11050	RF	134.24	2.12788194348463
11150	FR	20.51	-1.31196566036837
11150	RF	142.27	2.15311333151061
11250	FR	40.03	-1.6023855901051
11250	RF	125.67	2.09923161508088
11350	FR	49.96	-1.6986224297021
11350	RF	199.93	2.30087796598857
11450	FR	56.39	-1.75120209458835
11450	RF	191.97	2.28323336488875
11550	FR	61.49	-1.78880449304465
11550	RF	183.72	2.26415643674589
11650	FR	56.49	-1.75197157473633
11650	RF	70.47	1.84800427149727
11750	FR	58.59	-1.76782349800752
11750	RF	14.18	1.15167623084705
11850	FR	54.76	-1.73846343946195
11850	RF	30.71	1.48727981644307
11950	FR	51.79	-1.71424591101789
11950	RF	48.7	1.68752896121463
12050	FR	63.12	-1.80016699020136
12050	RF	58.65	1.76826801645155
12150	FR	61.64	-1.78986263004638
12150	RF	38.14	1.58138068870999
12250	FR	46.63	-1.66866541545449
12250	RF	26.03	1.41547416810924
12350	FR	62.37	-1.79497574405113
12350	RF	18.18	1.25959387888595
12450	FR	76.76	-1.88513496606343
12450	RF	30.88	1.4896772916637
12550	FR	65.25	-1.81458051601032
12550	RF	35.46	1.5497387312649
12650	FR	53.23	-1.72615646617275
12650	RF	39.31	1.59450304382009
12750	FR	59	-1.77085201164214
12750	RF	40.84	1.61108573341487
12850	FR	45.56	-1.65858371540706
12850	RF	23.93	1.37894269861344
12950	FR	44.24	-1.64581511829664
12950	RF	13.83	1.14082218010931
13050	FR	60.18	-1.77945218340406
13050	RF	6.88	1
13150	FR	76.31	-1.88258145355445
13150	RF	8.88	1
13250	FR	93.6	-1.97127584873811
13250	RF	21.82	1.33885474625232
13350	FR	109.27	-2.03850094307667
13350	RF	18.14	1.25863728272408
13450	FR	92.21	-1.96477802202238
13450	RF	11.03	1.04257551244019
13550	FR	78	-1.89209460269048
13550	RF	10.71	1.02978947083186
13650	FR	631.05	-2.80006377107268
13650	RF	9.31	1
13750	FR	2490.02	-3.39620283539082
13750	RF	20.31	1.30770992340481
13850	FR	3719.78	-3.57051725504013
13850	RF	47.91	1.68042617085815
13950	FR	10582.27	-4.02457883808946
13950	RF	174.74	2.24239233137574
14050	FR	17242.04	-4.23658864828275
14050	RF	447.06	2.65036581378123
14150	FR	16903.76	-4.2279833179643
14150	RF	483.62	2.68450425271403
14250	FR	17771.65	-4.24972775153229
14250	RF	493.38	2.6931815406428
14350	FR	14585.8	-4.16393025423645
14350	RF	578.71	2.76246098695538
14450	FR	14259.36	-4.15410003360099
14450	RF	620.31	2.79260878247048
14550	FR	9976.32	-3.99897037110454
14550	RF	607.24	2.78336037159478
14650	FR	5875.58	-3.76905074385723
14650	RF	274.27	2.43817830652182
14750	FR	5936.83	-3.77355461316406
14750	RF	349.68	2.5436707934816
14850	FR	4198.25	-3.62306829665412
14850	RF	162.89	2.21189442330099
14950	FR	1847.6	-3.26660795357451
14950	RF	76.73	1.88496519820073
15050	FR	1975.32	-3.29563746096337
15050	RF	74.57	1.87256414309065
15150	FR	2169.21	-3.33630159785396
15150	RF	86.37	1.93636291959774
15250	FR	2192.15	-3.34087026785223
15250	RF	80.86	1.90773373699766
15350	FR	2172.14	-3.33688781321332
15350	RF	111.29	2.04645614241259
15450	FR	3737.71	-3.5726056024774
15450	RF	157.41	2.197032318918
15550	FR	6325.74	-3.80111133761356
15550	RF	158.62	2.20035794554164
15650	FR	6054.9	-3.78210697492633
15650	RF	221.51	2.34539333709086
15750	FR	5494.64	-3.73993924341371
15750	RF	271.52	2.4338018249736
15850	FR	4418.61	-3.64528567109782
15850	RF	265.27	2.42368813738844
15950	FR	4023.93	-3.60465041715767
15950	RF	269.53	2.4306071113014
16050	FR	2889.78	-3.46086478101854
16050	RF	281.84	2.45000263017319
16150	FR	2478.53	-3.39419417995112
16150	RF	289.22	2.46122832178055
16250	FR	2034.98	-3.30856014528983
16250	RF	290.28	2.4628171144095
16350	FR	2223.71	-3.34707814909175
16350	RF	1125.71	3.05142652406676
16450	FR	2163.14	-3.33508462820464
16450	RF	7242.05	3.85986151891363
16550	FR	2018.02	-3.30492546608652
16550	RF	10636.11	4.02678282021143
16650	FR	1860.81	-3.26970203129084
16650	RF	13083.08	4.11670999701124
16750	FR	2248.23	-3.35184073866805
16750	RF	14093.2	4.14900961515001
16850	FR	2102.4	-3.32271534787969
16850	RF	14966.71	4.17512634370462
16950	FR	1943.35	-3.28855102467588
16950	RF	15181.47	4.18131382570828
17050	FR	1679.54	-3.22519035147772
17050	RF	14315.79	4.15581531904808
17150	FR	1308.96	-3.11692637531722
17150	RF	14384	4.15787967438915
17250	FR	1242.28	-3.09421949338468
17250	RF	15014.21	4.17650248594114
17350	FR	1046.52	-3.01974753253771
17350	RF	14256.67	4.15401809707898
17450	FR	819.51	-2.91355425737976
17450	RF	15113.81	4.17937395827674
17550	FR	232.84	-2.36705759061284
17550	RF	14763.26	4.16918226830559
17650	FR	161.04	-2.2069337618806
17650	RF	14738.5	4.16845328577054
17750	FR	134.44	-2.12852850379744
17750	RF	11884.1	4.07496629756325
17850	FR	1138.51	-3.05633684955436
17850	RF	12508.9	4.0972191206499
17950	FR	2660.32	-3.42493387944142
17950	RF	17066.74	4.23215057236126
18050	FR	1864.77	-3.27062527373686
18050	RF	19581.14	4.29183797251804
18150	FR	840.72	-2.9246513790293
18150	RF	20495.54	4.3116593652449
18250	FR	294.47	-2.46904105634516
18250	RF	10481.49	4.02042302432534
18350	FR	149.22	-2.17382703565358
18350	RF	5743.31	3.75916225832468
18450	FR	206.4	-2.31470969295517
18450	RF	5493.02	3.73981118028366
18550	FR	257.38	-2.41057479654233
18550	RF	5638.98	3.75120055426116
18650	FR	195.87	-2.29196792332413
18650	RF	5687.57	3.75492675479513
18750	FR	172.18	-2.23598270348184
18750	RF	5782.69	3.76212991115229
18850	FR	172.52	-2.23683944947391
18850	RF	6205.6	3.79278377843613
18950	FR	184.56	-2.26613758151304
18950	RF	6120.44	3.78678264480947
19050	FR	177.33	-2.24878221406855
19050	RF	5863.29	3.76814137504529
19150	FR	222.65	-2.34762269946724
19150	RF	5886.52	3.76985862391302
19250	FR	184.77	-2.26663145880992
19250	RF	6341.28	3.80217692993672
19350	FR	165.17	-2.21793116878578
19350	RF	6588.77	3.81880434751198
19450	FR	164.33	-2.21571685524952
19450	RF	6968.9	3.84316423267031
19550	FR	218.32	-2.33909352266184
19550	RF	8046.34	3.90559837983903
19650	FR	258.37	-2.41224208520991
19650	RF	8184.42	3.9129879079722
19750	FR	274.05	-2.43782980640822
19750	RF	8694.85	3.93926209413238
19850	FR	232.77	-2.36692700658775
19850	RF	8982.21	3.9533832044536
19950	FR	267.39	-2.42714516124299
19950	RF	7954.64	3.90062052973354
20050	FR	150.09	-2.17635175760307
20050	RF	5033.56	3.70187524976545
20150	FR	34.41	-1.53668467262093
20150	RF	1469.21	3.16708387565613
20250	FR	1.17	-1
20250	RF	19.84	1.29754166781816
20350	FR	11.7	-1.06818586174616
20350	RF	511.83	2.70912573769149
20450	FR	19.66	-1.29358351349612
20450	RF	1188.3	3.07492609712396
20550	FR	21.43	-1.33102217104183
20550	RF	1541.35	3.18790126675827
20650	FR	19.42	-1.28824922557199
20650	RF	1618.8	3.20919319571953
20750	FR	28.82	-1.45969397647797
20750	RF	1430.47	3.15547875415731
20850	FR	69.67	-1.84304581053457
20850	RF	1472.19	3.16796386341629
20950	FR	74.25	-1.87069645798925
20950	RF	1691.1	3.22816928953985
21050	FR	85.97	-1.93434692673826
21050	RF	1739.08	3.24031956058777
21150	FR	57.22	-1.75754785346924
21150	RF	1794.39	3.2539168402913
21250	FR	88.81	-1.94846187006128
21250	RF	2526.63	3.40254164844014
21350	FR	93.66	-1.97155415344606
21350	RF	4240.39	3.62740580165376
21450	FR	54.59	-1.73711309430596
21450	RF	4300.66	3.63353510961744
21550	FR	29.99	-1.47697646575953
21550	RF	3202.84	3.50553524373634
21650	FR	23.34	-1.36810085170935
21650	RF	1010.22	3.00441596227934
21750	FR	44.55	-1.64884770837289
21750	RF	786.88	2.89590850705862
21850	FR	35.77	-1.55351894014897
21850	RF	893.1	2.95090008936639
21950	FR	28.68	-1.45757914699576
21950	RF	925.84	2.96653594011498
22050	FR	23.37	-1.36865871239223
22050	RF	950.96	2.97816224969806
22150	FR	48.67	-1.68726134624351
22150	RF	968.82	2.98624309565934
22250	FR	62.25	-1.79413935576777
22250	RF	975.36	2.98916494098747
22350	FR	57.44	-1.75921443123424
22350	RF	963.23	2.98373000031695
22450	FR	38.92	-1.59017283159631
22450	RF	989.84	2.99556499991792
22550	FR	35.93	-1.55545721720465
22550	RF	1087.36	3.03637335285293
22650	FR	28.71	-1.45803319249651
22650	RF	1282.5	3.10805737378385
22750	FR	53.99	-1.73231332747124
22750	RF	1414.65	3.15064900390926
22850	FR	87.71	-1.94304911100841
22850	RF	1353.78	3.13154809378119
22950	FR	69.92	-1.84460141962635
22950	RF	1601.57	3.2045459251724
23050	FR	42.31	-1.62644302533129
23050	RF	1771.07	3.24823572664064
23150	FR	43.14	-1.63488014076653
23150	RF	1853.42	3.26797384512233
23250	FR	29.93	-1.47610671684019
23250	RF	1608.58	3.20644266467509
23350	FR	18.96	-1.27783833300205
23350	RF	696.11	2.84267787268282
23450	FR	54.51	-1.7364761820277
23450	RF	1385.84	3.14171309237664
23550	FR	73.98	-1.86911432697938
23550	RF	1958.5	3.29192357588388
23650	FR	75.68	-1.87898112339374
23650	RF	2092.55	3.32067584394829
23750	FR	39.01	-1.59117595031179
23750	RF	1911.24	3.28131522610844
23850	FR	25.98	-1.41463914673701
23850	RF	1675.51	3.22414702419269
23950	FR	15.39	-1.18723861983148
23950	RF	1688.96	3.22761936420394
24050	FR	29.53	-1.47026344696508
24050	RF	1865.24	3.27073472031077
24150	FR	43.31	-1.63658818372984
24150	RF	2142.39	3.33089853252316
24250	FR	36.69	-1.56454771175595
24250	RF	1837.14	3.26414225315432
24350	FR	36.86	-1.56655533088305
24350	RF	1562.35	3.19377833174449
24450	FR	20.68	-1.3155505344219
24450	RF	1041.2	3.0175341594372
24550	FR	9.67	-1
24550	RF	121.19	2.08346678547389
24650	FR	15.74	-1.19700472802305
24650	RF	58.78	1.76922958173659
24750	FR	16	-1.20411998265592
24750	RF	62.62	1.7967130632809
24850	FR	13.27	-1.12287092286444
24850	RF	64.18	1.80739971275949
24950	FR	13.66	-1.13545069934551
24950	RF	58.15	1.76454971906447
25050	FR	14.47	-1.16046853111904
25050	RF	35.9	1.55509444857832
25150	FR	8.89	-1
25150	RF	22.34	1.34908316877959
25250	FR	7.54	-1
25250	RF	24.16	1.38309692994909
25350	FR	8.94	-1
25350	RF	13.93	1.14395111642396
25450	FR	9.84	-1
25450	RF	5.76	1
25550	FR	8.36	-1
25550	RF	6.73	1
25650	FR	8.13	-1
25650	RF	8.53	1
25750	FR	6.54	-1
25750	RF	7.29	1
25850	FR	8.72	-1
25850	RF	3.18	1
25950	FR	7.8	-1
25950	RF	5.11	1
26050	FR	25.44	-1.40551710697638
26050	RF	14.37	1.15745676813423
26150	FR	45.08	-1.65398390737407
26150	RF	20.46	1.31090562937614
26250	FR	55.84	-1.7469454096151
26250	RF	20.03	1.30168094929358
26350	FR	53.73	-1.73021684056869
26350	RF	18.98	1.27829620809127
26450	FR	2174.37	-3.33733344742542
26450	RF	27.56	1.44027921323559
26550	FR	7033.62	-3.84717890131941
26550	RF	67.4	1.82865989653532
26650	FR	8706.53	-3.93984510080316
26650	RF	116.29	2.06554237051914
26750	FR	9227.05	-3.96506287399423
26750	RF	257.53	2.41082782784538
26850	FR	7856.53	-3.89523077318921
26850	RF	318.39	2.50295941894936
26950	FR	7128.75	-3.85301338459316
26950	RF	235.27	2.37156655248373
27050	FR	8154.65	-3.91140532572815
27050	RF	334.6	2.52452593662638
27150	FR	9409.46	-3.9735647003933
27150	RF	710.52	2.85157630712962
27250	FR	11649.95	-4.06632406143322
27250	RF	667.09	2.82418443041818
27350	FR	13171.65	-4.11964018202406
27350	RF	111.64	2.04781982781659
27450	FR	8974.18	-3.9529947761646
27450	RF	75.49	1.87788942537148
27550	FR	1354.35	-3.13173091207893
27550	RF	34.86	1.54232738277397
27650	FR	41.16	-1.6144753660904
27650	RF	19.35	1.28668096935493
27750	FR	42.58	-1.6292056571023
27750	RF	28.26	1.45117215751254
27850	FR	252.36	-2.40202051873395
27850	RF	51.81	1.71441359228712
27950	FR	2360.07	-3.37292488439506
27950	RF	200.97	2.30313123251076
28050	FR	4648.92	-3.66735207277859
28050	RF	325.21	2.51216389140557
28150	FR	4848.47	-3.68560471274915
28150	RF	296.18	2.47155572878716
28250	FR	5537.05	-3.74327844524321
28250	RF	231.92	2.36533820234694
28350	FR	3550.32	-3.55026749896241
28350	RF	126.44	2.10188448716754
28450	FR	487.75	-2.68819727806656
28450	RF	41.93	1.62252486240357
28550	FR	33.57	-1.52595134124801
28550	RF	39.42	1.59571661994342
28650	FR	26.46	-1.42258983985148
28650	RF	40.93	1.61204174464527
28750	FR	20.61	-1.31407799177921
28750	RF	19.53	1.29070224328785
28850	FR	11.22	-1.04999285692014
28850	RF	18.13	1.25839780409551
28950	FR	14.45	-1.15986784709257
28950	RF	10.98	1.04060234011407
29050	FR	10.21	-1.00902574208691
29050	RF	17.02	1.23095955574857
29150	FR	8.54	-1
29150	RF	13.59	1.13321945673249
29250	FR	13.85	-1.14144977340047
29250	RF	5.92	1
29350	FR	25.15	-1.40053798939195
29350	RF	3.36	1
29450	FR	31.91	-1.50392680419351
29450	RF	0	1
29550	FR	35.82	-1.55412558151301
29550	RF	0.05	1
29650	FR	45.24	-1.65552259625342
29650	RF	5.71	1
29750	FR	56.35	-1.75089392038213
29750	RF	22.62	1.35449260058944
29850	FR	46.54	-1.66782637895071
29850	RF	19.71	1.29468662427944
29950	FR	24.39	-1.38721180031373
29950	RF	13.28	1.123198075032
30050	FR	12.75	-1.10551018476997
30050	RF	8.49	1
30150	FR	10.43	-1.01828430842653
30150	RF	10.08	1.00346053210951
30250	FR	14.81	-1.17055505852121
30250	RF	10.41	1.01745072951054
30350	FR	17.25	-1.23678909940929
30350	RF	7.8	1
30450	FR	18.11	-1.25791845031406
30450	RF	16.15	1.20817252666712
30550	FR	9.25	-1
30550	RF	14.13	1.15014216184856
30650	FR	14.23	-1.15320490008428
30650	RF	11.82	1.07261747654524
30750	FR	34.37	-1.53617953213723
30750	RF	9.71	1
30850	FR	53.06	-1.72476724564631
30850	RF	7.35	1
30950	FR	51.16	-1.70893053580662
30950	RF	6.93	1
31050	FR	38.18	-1.58183592405765
31050	RF	11.9	1.07554696139253
31150	FR	51.55	-1.71222866961954
31150	RF	7.02	1
31250	FR	67.3	-1.82801506422398
31250	RF	4.9	1
31350	FR	71.3	-1.85308952985187
31350	RF	7.03	1
31450	FR	61.26	-1.78717699247055
31450	RF	6.34	1
31550	FR	46.93	-1.67145055421249
31550	RF	12.56	1.09898963940118
31650	FR	66.66	-1.82386530932451
31650	RF	29.3	1.46686762035411
31750	FR	98.84	-1.99493273673004
31750	RF	33.55	1.52569252450501
31850	FR	103.09	-2.01321653962444
31850	RF	34.05	1.5321171162488
31950	FR	117.6	-2.07040732174012
31950	RF	34.53	1.53819657834945
32050	FR	122.09	-2.08668009373462
32050	RF	23.2	1.3654879848909
32150	FR	141.18	-2.14977317755966
32150	RF	10.17	1.00732095292274
32250	FR	122.87	-2.08944585827383
32250	RF	4.15	1
32350	FR	132.57	-2.12244525628196
32350	RF	6.44	1
32450	FR	126.57	-2.10233078010154
32450	RF	12.47	1.09586645347854
32550	FR	126.93	-2.10356428005096
32550	RF	23.11	1.36379994547911
32650	FR	166.31	-2.22091836355655
32650	RF	24.31	1.38578495884334
32750	FR	186.88	-2.27156282543231
32750	RF	35.92	1.55533632799527
32850	FR	228.79	-2.35943703830399
32850	RF	45.44	1.65743832270296
32950	FR	230.31	-2.36231279532651
32950	RF	45.25	1.65561858354122
33050	FR	201.08	-2.30336887655604
33050	RF	45.34	1.6564815157905
33150	FR	204.83	-2.31139356500052
33150	RF	44.96	1.652826302561
33250	FR	226.97	-2.35596845765361
33250	RF	55.1	1.74115159885178
33350	FR	178.34	-2.25124876230584
33350	RF	63.53	1.80297885533526
33450	FR	193.49	-2.28665852461569
33450	RF	60.58	1.78232926899684
33550	FR	180.46	-2.25638095303164
33550	RF	76.33	1.8826952623816
33650	FR	177.98	-2.25037120243448
33650	RF	85.19	1.93038861824432
33750	FR	193.89	-2.28755541064233
33750	RF	84.54	1.927062243493
33850	FR	219.82	-2.34206720353101
33850	RF	73.16	1.86427369680438
33950	FR	253.31	-2.40365233491133
33950	RF	189.83	2.27836484773769
34050	FR	283.58	-2.45267559817561
34050	RF	229.88	2.36150118846166
34150	FR	250.24	-2.39835673137975
34150	RF	209.14	2.32043710368286
34250	FR	217.52	-2.33749919457944
34250	RF	140.2	2.14674801363064
34350	FR	262.94	-2.41985665859727
34350	RF	108.24	2.03438778358957
34450	FR	204.38	-2.31043839481585
34450	RF	883.18	2.9460492257067
34550	FR	207.44	-2.31689250376129
34550	RF	1193.45	3.07680422880657
34650	FR	235.71	-2.37237800786456
34650	RF	1138.17	3.05620713424528
34750	FR	263.81	-2.42129125391886
34750	RF	1170.66	3.06843077930416
34850	FR	292.6	-2.46627432178929
34850	RF	1107.99	3.04453584074943
34950	FR	312.82	-2.4952945116895
34950	RF	1082.5	3.0344279050254
35050	FR	369.58	-2.56770846112855
35050	RF	1101.32	3.04191352609441
35150	FR	418.33	-2.62151901056981
35150	RF	1020.5	3.00881300905209
35250	FR	411.64	-2.61451756952874
35250	RF	1004.78	3.00207098191055
35350	FR	358.71	-2.55474348396418
35350	RF	938.27	2.97232783052937
35450	FR	344.63	-2.53735308003993
35450	RF	832.15	2.92020161751743
35550	FR	335.74	-2.52600308609281
35550	RF	807.63	2.90721244275361
35650	FR	435.68	-2.63916762399589
35650	RF	703.25	2.84710974083724
35750	FR	433.63	-2.63711932054084
35750	RF	540.79	2.7330286522661
35850	FR	422.86	-2.62619660545694
35850	RF	331.39	2.52033939904305
35950	FR	411.9	-2.61479179195642
35950	RF	302.06	2.48009321805896
36050	FR	436.15	-2.63963587681185
36050	RF	364.65	2.56187621789902
36150	FR	432.04	-2.63552395740537
36150	RF	380.85	2.5807539599294
36250	FR	418.23	-2.62141518191819
36250	RF	356.62	2.55220569567072
36350	FR	466.06	-2.6684418308349
36350	RF	334.43	2.52430522884492
36450	FR	511.67	-2.70898995436434
36450	RF	317.58	2.50185314437491
36550	FR	474.17	-2.67593407337349
36550	RF	311.27	2.49313726567997
36650	FR	222.79	-2.34789569349323
36650	RF	276.45	2.44161659427475
36750	FR	193.56	-2.28681561343659
36750	RF	275.17	2.43960108383435
36850	FR	180.26	-2.25589936673046
36850	RF	251.46	2.40046891121749
36950	FR	208.46	-2.31902273343041
36950	RF	251.93	2.40127988666717
37050	FR	230.98	-2.36357437701045
37050	RF	244.69	2.38861622095146
37150	FR	243.99	-2.38737202701981
37150	RF	200.05	2.30113855571502
37250	FR	270.62	-2.43235988970679
37250	RF	247.35	2.3933119147002
37350	FR	289.11	-2.46106311370355
37350	RF	282.52	2.45104919757913
37450	FR	299.26	-2.47604867160061
37450	RF	267.48	2.42729131452786
37550	FR	313.51	-2.49625139803932
37550	RF	275.12	2.43952216281396
37650	FR	270.55	-2.4322475382686
37650	RF	293.12	2.46704545198776
37750	FR	170.77	-2.23241157842085
37750	RF	220.31	2.3430342104792
37850	FR	190.61	-2.28014568135422
37850	RF	207.7	2.3174364965351
37950	FR	188.62	-2.27558774051756
37950	RF	216.2	2.33485568961729
38050	FR	175.91	-2.24529052860683
38050	RF	193.35	2.28634417640908
38150	FR	175.11	-2.24331094802982
38150	RF	234.08	2.36936430878124
38250	FR	196.94	-2.29433393358346
38250	RF	294.78	2.46949801451847
38350	FR	202.53	-2.30648936270848
38350	RF	210.92	2.32411776265943
38450	FR	171.07	-2.23317385538094
38450	RF	119.55	2.07754958045179
38550	FR	154.63	-2.18929375588569
38550	RF	59.29	1.77298145034496
38650	FR	135.19	-2.13094456804468
38650	RF	40.03	1.6023855901051
38750	FR	134.67	-2.12927086012132
38750	RF	36.8	1.56584781867352
38850	FR	157.37	-2.19692194481946
38850	RF	28.93	1.46134843364798
38950	FR	122.28	-2.08735543005405
38950	RF	33.66	1.5271141116398
39050	FR	106.89	-2.02893707707068
39050	RF	30.88	1.4896772916637
39150	FR	123.52	-2.09173728299166
39150	RF	20.5	1.31175386105575
39250	FR	140.02	-2.14619007331593
39250	RF	20.48	1.31132995230379
39350	FR	152.18	-2.18235757976453
39350	RF	37.81	1.57760667736254
39450	FR	134.1	-2.1274287778516
39450	RF	51.54	1.71214441421489
39550	FR	124.94	-2.09670150161
39550	RF	43.75	1.64097805735833
39650	FR	137.39	-2.13795512353236
39650	RF	25.77	1.4111144185509
39750	FR	141.74	-2.1514924284255
39750	RF	36.06	1.55702572238638
39850	FR	115.59	-2.06292026373266
39850	RF	31.44	1.49748253736737
39950	FR	91.23	-1.96013767486379
39950	RF	22.96	1.36097188372594
40050	FR	70.59	-1.84874318189568
40050	RF	21.91	1.34064237756071
40150	FR	83.35	-1.92090560416402
40150	RF	21.04	1.3230457354817
40250	FR	857	-2.9329808219232
40250	RF	27.05	1.43216726944259
40350	FR	2109.94	-3.32427010551598
40350	RF	56.15	1.74934976059748
40450	FR	2622.66	-3.41874199257483
40450	RF	100.69	2.00298634085678
40550	FR	2829.67	-3.4517357904587
40550	RF	122.32	2.08749747240426
40650	FR	2459.9	-3.39091745249731
40650	RF	51.53	1.71206014246107
40750	FR	2374.11	-3.37550083731708
40750	RF	18.42	1.26528962586083
40850	FR	2734.65	-3.43690175012266
40850	RF	26.08	1.41630758705988
40950	FR	3640.92	-3.56121113651696
40950	RF	35.24	1.54703589974001
41050	FR	4639.35	-3.66645713762651
41050	RF	27.86	1.44498111208794
41150	FR	4802.67	-3.68148274651764
41150	RF	19.84	1.29754166781816
41250	FR	3216.08	-3.50732684328737
41250	RF	21.29	1.32817566143832
41350	FR	189.22	-2.27696703814709
41350	RF	17.13	1.23375736296551
41450	FR	115.05	-2.06088662300466
41450	RF	12.98	1.11327469246435
41550	FR	130.22	-2.11467769101088
41550	RF	10.87	1.03622954408629
41650	FR	139.18	-2.143576832159
41650	RF	3.49	1
41750	FR	126.42	-2.10181578599174
41750	RF	1.58	1
41850	FR	113.23	-2.0539615073145
41850	RF	9.63	1
41950	FR	107.12	-2.02987056400395
41950	RF	28.17	1.44978684698577
42050	FR	89.72	-1.95288926491093
42050	RF	32.89	1.51706387348265
42150	FR	103.23	-2.01380592734059
42150	RF	33.59	1.52621000384166
42250	FR	142.36	-2.15338797933181
42250	RF	26.6	1.42488163663107
42350	FR	129.94	-2.11374286242935
42350	RF	27.65	1.44169513564072
42450	FR	105.98	-2.02522391517831
42450	RF	26.75	1.42732378635725
42550	FR	111.45	-2.04708007281626
42550	RF	97.42	1.98864812523575
42650	FR	140.44	-2.14749082079331
42650	RF	807.99	2.90740598580962
42750	FR	196.76	-2.29393681388729
42750	RF	1095.09	3.03944981314615
42850	FR	203.55	-2.30867110671542
42850	RF	857.98	2.93347716431622
42950	FR	171.86	-2.23517480745646
42950	RF	558.02	2.74664976476909
43050	FR	35.05	-1.54468802230268
43050	RF	622.65	2.7942439924342
43150	FR	31.29	-1.49540556314619
43150	RF	693.54	2.84107151411631
43250	FR	32.02	-1.50542132758328
43250	RF	734.56	2.86602727542195
43350	FR	30	-1.47712125471966
43350	RF	703.32	2.84715296742924
43450	FR	13.01	-1.11427729656159
43450	RF	590.95	2.77155073698497
43550	FR	11.18	-1.0484418035504
43550	RF	428.48	2.63193055533191
43650	FR	12.42	-1.09412159584056
43650	RF	332.59	2.52190918712611
43750	FR	8.42	-1
43750	RF	337.99	2.52890385113841
43850	FR	7.79	-1
43850	RF	321.53	2.50722150051566
43950	FR	13.97	-1.14519640611418
43950	RF	293.75	2.46797787527979
44050	FR	29.85	-1.47494433546539
44050	RF	291.78	2.46505551995182
44150	FR	35.04	-1.54456409749604
44150	RF	290.23	2.46274230183384
44250	FR	48.44	-1.68520413447101
44250	RF	312.19	2.49441898772584
44350	FR	52.65	-1.72139837552151
44350	RF	329.09	2.51731468566477
44450	FR	52.91	-1.72353776153206
44450	RF	335.55	2.52575724315231
44550	FR	63.54	-1.80304721049113
44550	RF	394.52	2.59606902445158
44650	FR	63.31	-1.80147231352147
44650	RF	676.04	2.82997239307971
44750	FR	52.52	-1.72032471741744
44750	RF	701.92	2.84628761706087
44850	FR	61.35	-1.78781456706302
44850	RF	745.24	2.87229615716497
44950	FR	52.53	-1.72040740080311
44950	RF	760.48	2.88108779695068
45050	FR	62.51	-1.7959494989028
45050	RF	672.19	2.82749204729275
45150	FR	66.08	-1.82007003431233
45150	RF	602.02	2.77961091940626
45250	FR	55.96	-1.74787770581979
45250	RF	637.04	2.8041667027182
45350	FR	55.05	-1.74075732330777
45350	RF	8461.02	3.92742272162876
45450	FR	123.85	-2.09289601092186
45450	RF	11661.84	4.06676707862217
45550	FR	228.7	-2.35926616460675
45550	RF	11207.68	4.04951572254376
45650	FR	224.21	-2.35065497867808
45650	RF	8238.72	3.91585974323622
45750	FR	184.67	-2.26639634918859
45750	RF	6852.19	3.83582939673474
45850	FR	110.69	-2.04410838744612
45850	RF	5360.11	3.7291737023612
45950	FR	82.7	-1.91750550955255
45950	RF	3829.65	3.58315908466982
46050	FR	73.23	-1.86468903413685
46050	RF	2361.46	3.37318059360258
46150	FR	46.56	-1.66801297164183
46150	RF	1190.43	3.07570386298531
46250	FR	40.82	-1.61087300038005
46250	RF	872.9	2.9409644934928
46350	FR	33.92	-1.53045584358468
46350	RF	470.28	2.67235650952573
46450	FR	49.55	-1.69504365882129
46450	RF	469.01	2.67118210262664
46550	FR	69.5	-1.84198480459011
46550	RF	934.02	2.97035617579823
46650	FR	66.73	-1.82432112485077
46650	RF	1297.15	3.11299019998968
46750	FR	74.54	-1.87238938841782
46750	RF	1542.51	3.18822798821954
46850	FR	75.98	-1.8806992892187
46850	RF	1651.59	3.21790224465679
46950	FR	111.75	-2.04824753180397
46950	RF	1786.72	3.252056498794
47050	FR	120.16	-2.07975991966009
47050	RF	2040.53	3.30974298418093
47150	FR	95.57	-1.98032158600876
47150	RF	1963.81	3.29309946718659
47250	FR	60.62	-1.7826159320316
47250	RF	1868.58	3.27151169614594
47350	FR	74.82	-1.87401770386219
47350	RF	1733.81	3.23900150347891
47450	FR	78.43	-1.89448221501009
47450	RF	1818.8	3.25978494553307
47550	FR	105.64	-2.02382839253489
47550	RF	3323.38	3.52158000196718
47650	FR	152.71	-2.18386747715217
47650	RF	6516.19	3.81399373904171
47750	FR	99.69	-1.99865159599837
47750	RF	8552.48	3.93209206725935
47850	FR	48.69	-1.68743977454589
47850	RF	7865.98	3.89575283784023
47950	FR	30.29	-1.48129927333286
47950	RF	5146.49	3.71151113324728
48050	FR	23.14	-1.36436335461573
48050	RF	1544.54	3.18879916000188
48150	FR	44.61	-1.64943222324162
48150	RF	1452.9	3.1622357237662
48250	FR	75.52	-1.87806198129001
48250	RF	1933.02	3.28623634748158
48350	FR	94.24	-1.97423527744303
48350	RF	2103.93	3.32303128628044
48450	FR	98.56	-1.99370069482035
48450	RF	2049.25	3.31159494375866
48550	FR	132.91	-2.12355765800395
48550	RF	1894.55	3.27750607144134
48650	FR	134.4	-2.12839926871781
48650	RF	2072.33	3.31645891408837
48750	FR	63.8	-1.80482067872116
48750	RF	2096.63	3.32152179568415
48850	FR	28.78	-1.45909078960059
48850	RF	2018.78	3.30508899353903
48950	FR	23.19	-1.36530074863799
48950	RF	1978.69	3.2963777589183
49050	FR	72.98	-1.86320385902863
49050	RF	2098.76	3.32196277844186
49150	FR	72.76	-1.86189269039145
49150	RF	2058.38	3.31352555345305
49250	FR	282.75	-2.45140261359749
49250	RF	2425.32	3.38476904811997
49350	FR	314.36	-2.49742728010132
49350	RF	2587.66	3.4129072125592
49450	FR	223.03	-2.34836328438519
49450	RF	2740.53	3.43783456056372
49550	FR	70.22	-1.84646082512933
49550	RF	2862.45	3.45673790935188
49650	FR	36.25	-1.55930801090701
49650	RF	2792.65	3.44601650942336
49750	FR	42.84	-1.63184946215982
49750	RF	2623.72	3.41891748583193
49850	FR	36.91	-1.56714404519566
49850	RF	2366.53	3.37411201429815
49950	FR	67.27	-1.8278214276828
49950	RF	2940.98	3.46849207111735
50050	FR	125.44	-2.09843604534036
50050	RF	3208.19	3.50626008078048
50150	FR	109.09	-2.03778494175364
50150	RF	3609.51	3.55744824934615
50250	FR	107.51	-2.03144886185938
50250	RF	4376.05	3.64108227552831
50350	FR	63.33	-1.80160948802732
50350	RF	3998.25	3.60186994591666
50450	FR	42.56	-1.62900161928699
50450	RF	3126.06	3.49499730938977
50550	FR	29.4	-1.46834733041216
50550	RF	2385.71	3.3776176509629
50650	FR	28.16	-1.44963265047007
50650	RF	1739.96	3.24053926438665
50750	FR	26.31	-1.4201208480857
50750	RF	1481.83	3.17079838293024
50850	FR	46.74	-1.66968870805621
50850	RF	1387.53	3.14224238184416
50950	FR	60.86	-1.78433194802215
50950	RF	1594.87	3.2027252889082
51050	FR	90.96	-1.95885045167968
51050	RF	1631.61	3.21261635840744
51150	FR	72.94	-1.86296575897776
51150	RF	1679.38	3.22514897679946
51250	FR	72.47	-1.86015826131828
51250	RF	2112.45	3.32478643834075
51350	FR	103.57	-2.01523397624671
51350	RF	3868.15	3.58750330690765
51450	FR	66.61	-1.82353943365686
51450	RF	4200.28	3.6232782423983
51550	FR	50.63	-1.70440792738684
51550	RF	3479.02	3.54145692540314
51650	FR	20.44	-1.31048089146268
51650	RF	1391.56	3.14350193658249
51750	FR	22.27	-1.34772021703404
51750	RF	824.81	2.91635391769555
51850	FR	21.2	-1.32633586092875
51850	RF	969.32	2.98646717363695
51950	FR	25.44	-1.40551710697638
51950	RF	971.93	2.98763498744844
52050	FR	19.73	-1.29512708525219
52050	RF	948.43	2.97700528278864
52150	FR	33.6	-1.52633927738984
52150	RF	1021.18	3.0091023004774
52250	FR	57.49	-1.75959230864597
52250	RF	990.14	2.99569660563674
52350	FR	65.38	-1.81544491624435
52350	RF	941.39	2.97376958066286
52450	FR	59.37	-1.77356704892606
52450	RF	952.09	2.97867800369531
52550	FR	41.76	-1.62076048999421
52550	RF	1027.9	3.0119508660594
52650	FR	28.52	-1.45514952117983
52650	RF	1210.28	3.08288585658703
52750	FR	47.09	-1.67292869044272
52750	RF	1375.39	3.13842586240777
52850	FR	78.84	-1.89674661560741
52850	RF	1346.34	3.12915474894999
52950	FR	69.08	-1.83935232889542
52950	RF	1560.63	3.19329995110523
53050	FR	33.68	-1.52737208282761
53050	RF	1716.25	3.23458055024481
53150	FR	32.9	-1.51719589794997
53150	RF	1783.06	3.25116595743811
53250	FR	29.66	-1.47217114669236
53250	RF	1742.92	3.24127745345772
53350	FR	19.68	-1.29402509409532
53350	RF	857.39	2.93317841389569
53450	FR	37.01	-1.56831908509511
53450	RF	1070.35	3.02952581339901
53550	FR	53.38	-1.72737856945149
53550	RF	1814.55	3.25876893970379
53650	FR	70.73	-1.84960365808245
53650	RF	2005.53	3.30222916282079
53750	FR	41.42	-1.61721009455743
53750	RF	2019.33	3.30520729738242
53850	FR	27.22	-1.43488812086732
53850	RF	1790.54	3.25298402743406
53950	FR	22.81	-1.35812528527665
53950	RF	1758.91	3.24524361802293
54050	FR	28.87	-1.46044678388072
54050	RF	1914.98	3.28216424256835
54150	FR	29.11	-1.46404220543881
54150	RF	2194.02	3.34124058214938
54250	FR	29.63	-1.47173165148005
54250	RF	2043.31	3.31033426045335
54350	FR	31.66	-1.50051091052634
54350	RF	1590.33	3.20148725155853
54450	FR	22.05	-1.34340859380386
54450	RF	1276.42	3.10599360045847
54550	FR	11.58	-1.06370855939142
54550	RF	320.35	2.50562472832788
54650	FR	7.13	-1
54650	RF	71.03	1.85144181467205
54750	FR	6.74	-1
54750	RF	67.9	1.8318697742805
54850	FR	9.97	-1
54850	RF	76.58	1.88411536201167
54950	FR	14.73	-1.16820274684263
54950	RF	62.28	1.79434860389608
55050	FR	17.48	-1.24254142829838
55050	RF	51.07	1.70816585785554
55150	FR	17.18	-1.23502315949522
55150	RF	27.79	1.44388854677737
55250	FR	8.07	-1
55250	RF	20.45	1.31069331234336
55350	FR	8.38	-1
55350	RF	12.59	1.10002573010786
55450	FR	7.99	-1
55450	RF	9.59	1
55550	FR	9.2	-1
55550	RF	10.15	1.00646604224923
55650	FR	10.8	-1.03342375548695
55650	RF	8.18	1
55750	FR	10.13	-1.00560944536028
55750	RF	6.59	1
55850	FR	6.98	-1
55850	RF	4.47	1
55950	FR	7.03	-1
55950	RF	5.83	1
56050	FR	20.38	-1.30920417967041
56050	RF	7.79	1
56150	FR	43.27	-1.63618689519872
56150	RF	9.59	1
56250	FR	44.79	-1.65118106244469
56250	RF	15.77	1.1978316933289
56350	FR	48.16	-1.68268647824977
56350	RF	15.94	1.20248831706009
56450	FR	1111.84	-3.04604229433538
56450	RF	21.72	1.33685982091681
56550	FR	6369.25	-3.80408829575167
56550	RF	54.9	1.73957234445009
56650	FR	8525.62	-3.93072597156927
56650	RF	95.29	1.97904732694796
56750	FR	9392.85	-3.97279738688545
56750	RF	239.52	2.37934178299898
56850	FR	8176.18	-3.91255044396312
56850	RF	343.78	2.53628060724838
56950	FR	7093.92	-3.85088628651054
56950	RF	290.03	2.46244292259067
57050	FR	7636.99	-3.88292222193065
57050	RF	298.62	2.47511889112767
57150	FR	9241.65	-3.96574951688265
57150	RF	647.77	2.81142083077488
57250	FR	10953.38	-4.03954815468668
57250	RF	772.1	2.88767355245445
57350	FR	13062.41	-4.11602331117662
57350	RF	215.51	2.33346742690537
57450	FR	10004.31	-4.0001871405958
57450	RF	76.5	1.88366143515362
57550	FR	2416.24	-3.38314006964238
57550	RF	25.96	1.41430468812833
57650	FR	27.68	-1.44216608578472
57650	RF	15.25	1.1832698436828
57750	FR	18.11	-1.25791845031406
57750	RF	14.41	1.15866398081399
57850	FR	8.14	-1
57850	RF	8.65	1
