Depth	Site_count
0	773
1	742
2	1407
3	1252
4	1363
5	1982
6	2515
7	2299
8	2555
9	3216
10	3338
11	3062
12	3382
13	3290
14	3352
15	3042
16	3616
17	3942
18	3446
19	3415
20	3509
21	3626
22	3597
23	3436
24	3287
25	3055
26	3064
27	3004
28	3225
29	3342
30	3182
31	3287
32	2949
33	3433
34	3364
35	3349
36	3301
37	3263
38	3075
39	3254
40	3439
41	3433
42	3254
43	3387
44	3524
45	3209
46	3223
47	3099
48	2951
49	2627
50	2882
51	2894
52	2868
53	3065
54	2938
55	2955
56	3115
57	2937
58	2941
59	2645
60	2733
61	2568
62	2568
63	2414
64	2460
65	2349
66	2515
67	2529
68	2712
69	2470
70	2403
71	2244
72	2253
73	2389
74	2352
75	2217
76	2054
77	2159
78	2025
79	1954
80	1934
81	1932
82	1853
83	1863
84	1763
85	1768
86	1862
87	1859
88	1744
89	1689
90	1632
91	1664
92	1588
93	1612
94	1577
95	1533
96	1374
97	1410
98	1423
99	1411
100	1344
101	1445
102	1495
103	1469
104	1468
105	1287
106	1373
107	1360
108	1348
109	1285
110	1319
111	1266
112	1317
113	1264
114	1252
115	1304
116	1362
117	1386
118	1292
119	1322
120	1217
121	1233
122	1300
123	1273
124	1237
125	1195
126	1077
127	1073
128	1254
129	1188
130	1133
131	1071
132	1137
133	1137
134	1166
135	1148
136	1182
137	1213
138	1174
139	1099
140	1037
141	974
142	897
143	973
144	1009
145	974
146	989
147	943
148	836
149	879
150	906
151	891
152	854
153	806
154	862
155	882
156	872
157	754
158	679
159	748
160	781
161	685
162	765
163	714
164	714
165	748
166	591
167	645
168	612
169	714
170	660
171	664
172	697
173	692
174	676
175	670
176	602
177	574
178	611
179	639
180	599
181	600
182	585
183	550
184	597
185	575
186	535
187	474
188	557
189	583
190	526
191	505
192	470
193	491
194	502
195	538
196	492
197	488
198	528
199	420
200	467
201	467
202	472
203	382
204	445
205	441
206	488
207	517
208	449
209	446
210	354
211	455
212	431
213	447
214	455
215	417
216	458
217	381
218	399
219	425
220	446
221	403
222	434
223	459
224	416
225	397
226	440
227	363
228	346
229	355
230	394
231	369
232	341
233	354
234	371
235	381
236	380
237	351
238	372
239	357
240	338
241	367
242	351
243	283
244	321
245	294
246	358
247	319
248	304
249	329
250	340
251	295
252	336
253	356
254	333
255	303
256	314
257	300
258	330
259	291
260	296
261	342
262	303
263	332
264	346
265	360
266	329
267	299
268	260
269	313
270	287
271	262
272	251
273	329
274	314
275	330
276	268
277	278
278	272
279	301
280	292
281	301
282	297
283	343
284	322
285	317
286	329
287	380
288	344
289	314
290	326
291	350
292	322
293	315
294	316
295	286
296	283
297	268
298	301
299	293
300	308
301	300
302	270
303	291
304	274
305	307
306	278
307	269
308	267
309	259
310	230
311	273
312	250
313	280
314	287
315	289
316	256
317	258
318	247
319	237
320	229
321	238
322	245
323	242
324	252
325	207
326	234
327	262
328	257
329	233
330	220
331	221
332	208
333	207
334	211
335	200
336	212
337	206
338	209
339	180
340	171
341	192
342	197
343	231
344	206
345	202
346	212
347	226
348	203
349	232
350	205
351	220
352	200
353	225
354	194
355	189
356	183
357	180
358	194
359	197
360	190
361	174
362	172
363	205
364	195
365	183
366	210
367	180
368	191
369	153
370	158
371	167
372	150
373	170
374	166
375	178
376	190
377	161
378	175
379	159
380	162
381	181
382	176
383	213
384	178
385	165
386	197
387	184
388	179
389	188
390	193
391	200
392	184
393	182
394	184
395	208
396	159
397	174
398	180
399	187
400	231
401	180
402	161
403	149
404	170
405	188
406	163
407	164
408	146
409	173
410	156
411	158
412	131
413	157
414	143
415	135
416	146
417	148
418	125
419	130
420	122
421	122
422	113
423	131
424	127
425	129
426	133
427	121
428	112
429	109
430	132
431	141
432	144
433	155
434	162
435	141
436	175
437	144
438	155
439	162
440	133
441	138
442	158
443	139
444	131
445	129
446	138
447	107
448	133
449	126
450	114
451	146
452	110
453	105
454	126
455	136
456	114
457	121
458	125
459	122
460	110
461	127
462	105
463	91
464	89
465	105
466	93
467	95
468	129
469	96
470	103
471	94
472	109
473	92
474	107
475	90
476	102
477	98
478	72
479	88
480	94
481	89
482	93
483	74
484	80
485	76
486	82
487	72
488	104
489	92
490	99
491	72
492	79
493	72
494	63
495	64
496	68
497	70
498	65
499	62
500	62
501	86
502	71
503	72
504	72
505	86
506	63
507	66
508	71
509	77
510	63
511	53
512	76
513	72
514	54
515	62
516	61
517	43
518	59
519	60
520	65
521	53
522	60
523	63
524	39
525	57
526	61
527	68
528	61
529	74
530	68
531	53
532	55
533	47
534	54
535	40
536	44
537	46
538	59
539	46
540	43
541	50
542	60
543	50
544	55
545	63
546	70
547	44
548	49
549	52
550	49
551	58
552	53
553	55
554	28
555	40
556	54
557	50
558	49
559	55
560	67
561	55
562	52
563	57
564	46
565	67
566	54
567	73
568	40
569	69
570	65
571	58
572	58
573	49
574	55
575	51
576	47
577	51
578	52
579	54
580	49
581	40
582	57
583	49
584	45
585	36
586	45
587	62
588	43
589	50
590	38
591	45
592	46
593	48
594	50
595	53
596	48
597	46
598	39
599	53
600	42
601	45
602	44
603	44
604	38
605	45
606	44
607	41
608	38
609	47
610	48
611	36
612	50
613	49
614	41
615	46
616	38
617	45
618	44
619	38
620	49
621	43
622	28
623	54
624	41
625	52
626	40
627	47
628	55
629	49
630	47
631	41
632	31
633	41
634	32
635	48
636	49
637	53
638	34
639	36
640	54
641	27
642	35
643	31
644	46
645	36
646	39
647	39
648	31
649	48
650	49
651	29
652	32
653	41
654	33
655	34
656	35
657	32
658	32
659	29
660	21
661	33
662	28
663	40
664	34
665	46
666	24
667	23
668	30
669	34
670	26
671	33
672	30
673	33
674	34
675	24
676	26
677	20
678	26
679	25
680	33
681	31
682	20
683	28
684	18
685	28
686	17
687	23
688	27
689	25
690	25
691	23
692	29
693	29
694	25
695	31
696	37
697	30
698	28
699	41
700	31
701	29
702	42
703	28
704	41
705	32
706	33
707	40
708	45
709	34
710	35
711	31
712	44
713	32
714	37
715	51
716	35
717	42
718	33
719	30
720	28
721	44
722	36
723	28
724	29
725	25
726	29
727	23
728	30
729	33
730	32
731	30
732	27
733	28
734	35
735	33
736	28
737	39
738	38
739	38
740	41
741	36
742	34
743	30
744	33
745	33
746	42
747	43
748	30
749	46
750	28
751	41
752	37
753	26
754	23
755	25
756	32
757	23
758	36
759	26
760	29
761	28
762	24
763	27
764	41
765	23
766	28
767	31
768	25
769	38
770	17
771	39
772	22
773	22
774	21
775	24
776	18
777	18
778	26
779	25
780	21
781	30
782	34
783	28
784	25
785	28
786	24
787	35
788	24
789	34
790	25
791	20
792	38
793	38
794	29
795	31
796	25
797	20
798	30
799	40
800	28
801	32
802	23
803	29
804	18
805	27
806	41
807	22
808	28
809	16
810	22
811	27
812	24
813	30
814	19
815	17
816	31
817	27
818	34
819	25
820	36
821	23
822	29
823	30
824	19
825	27
826	32
827	27
828	24
829	15
830	29
831	33
832	33
833	27
834	27
835	32
836	32
837	35
838	22
839	22
840	29
841	39
842	23
843	23
844	20
845	24
846	35
847	31
848	29
849	28
850	16
851	23
852	16
853	32
854	29
855	34
856	26
857	29
858	35
859	27
860	22
861	30
862	30
863	15
864	23
865	21
866	28
867	23
868	31
869	29
870	25
871	39
872	23
873	26
874	20
875	29
876	10
877	24
878	25
879	13
880	20
881	14
882	22
883	13
884	17
885	33
886	16
887	20
888	23
889	29
890	34
891	22
892	27
893	14
894	27
895	23
896	22
897	18
898	22
899	29
900	22
901	23
902	22
903	30
904	31
905	27
906	34
907	26
908	25
909	14
910	21
911	16
912	30
913	30
914	13
915	22
916	20
917	9
918	22
919	19
920	17
921	19
922	15
923	25
924	9
925	12
926	21
927	22
928	31
929	14
930	22
931	19
932	18
933	20
934	20
935	16
936	14
937	20
938	16
939	17
940	21
941	12
942	19
943	18
944	16
945	17
946	16
947	14
948	19
949	13
950	11
951	16
952	12
953	6
954	10
955	12
956	13
957	10
958	14
959	15
960	8
961	12
962	10
963	17
964	19
965	15
966	12
967	12
968	18
969	15
970	8
971	20
972	21
973	14
974	16
975	14
976	18
977	15
978	17
979	19
980	21
981	13
982	17
983	18
984	18
985	13
986	14
987	10
988	20
989	16
990	15
991	11
992	17
993	12
994	21
995	11
996	14
997	21
998	16
999	23
1000	12
1001	13
1002	11
1003	19
1004	14
1005	17
1006	12
1007	14
1008	10
1009	23
1010	15
1011	13
1012	19
1013	23
1014	13
1015	17
1016	25
1017	20
1018	24
1019	8
1020	17
1021	23
1022	18
1023	23
1024	21
1025	18
1026	18
1027	23
1028	18
1029	17
1030	27
1031	26
1032	29
1033	28
1034	28
1035	20
1036	27
1037	12
1038	13
1039	20
1040	21
1041	31
1042	24
1043	22
1044	31
1045	13
1046	31
1047	30
1048	21
1049	30
1050	35
1051	21
1052	18
1053	27
1054	20
1055	29
1056	13
1057	37
1058	17
1059	28
1060	22
1061	34
1062	19
1063	26
1064	29
1065	20
1066	36
1067	15
1068	20
1069	25
1070	19
1071	27
1072	22
1073	24
1074	20
1075	20
1076	21
1077	26
1078	31
1079	30
1080	49
1081	46
1082	33
1083	26
1084	35
1085	22
1086	26
1087	28
1088	20
1089	22
1090	24
1091	19
1092	26
1093	32
1094	32
1095	28
1096	22
1097	28
1098	28
1099	24
1100	27
1101	37
1102	36
1103	26
1104	21
1105	28
1106	27
1107	27
1108	22
1109	27
1110	23
1111	24
1112	32
1113	36
1114	37
1115	35
1116	24
1117	26
1118	29
1119	36
1120	17
1121	26
1122	28
1123	28
1124	15
1125	13
1126	36
1127	27
1128	27
1129	25
1130	20
1131	25
1132	21
1133	28
1134	22
1135	32
1136	24
1137	26
1138	25
1139	25
1140	16
1141	26
1142	15
1143	23
1144	15
1145	20
1146	18
1147	12
1148	15
1149	24
1150	20
1151	17
1152	21
1153	22
1154	18
1155	16
1156	25
1157	19
1158	21
1159	16
1160	18
1161	23
1162	26
1163	19
1164	17
1165	11
1166	19
1167	17
1168	13
1169	17
1170	21
1171	8
1172	8
1173	16
1174	10
1175	12
1176	10
1177	12
1178	12
1179	13
1180	19
1181	17
1182	15
1183	21
1184	11
1185	16
1186	13
1187	16
1188	13
1189	21
1190	10
1191	11
1192	14
1193	22
1194	7
1195	16
1196	15
1197	15
1198	7
1199	8
1200	11
1201	12
1202	12
1203	12
1204	14
1205	19
1206	19
1207	19
1208	15
1209	8
1210	13
1211	9
1212	15
1213	11
1214	16
1215	11
1216	16
1217	13
1218	19
1219	11
1220	16
1221	16
1222	15
1223	13
1224	16
1225	15
1226	11
1227	11
1228	17
1229	13
1230	13
1231	12
1232	19
1233	14
1234	17
1235	18
1236	19
1237	13
1238	11
1239	16
1240	9
1241	9
1242	9
1243	5
1244	10
1245	7
1246	5
1247	9
1248	10
1249	9
1250	11
1251	10
1252	8
1253	12
1254	6
1255	6
1256	5
1257	10
1258	8
1259	14
1260	10
1261	7
1262	7
1263	8
1264	4
1265	9
1266	6
1267	7
1268	11
1269	7
1270	9
1271	15
1272	15
1273	9
1274	7
1275	11
1276	10
1277	7
1278	13
1279	13
1280	15
1281	9
1282	9
1283	4
1284	13
1285	9
1286	10
1287	10
1288	12
1289	9
1290	9
1291	6
1292	8
1293	9
1294	6
1295	7
1296	4
1297	5
1298	10
1299	6
1300	5
1301	5
1302	6
1303	2
1304	2
1305	7
1306	7
1307	12
1308	9
1309	7
1310	2
1311	5
1312	7
1313	10
1314	6
1315	6
1316	5
1317	8
1318	4
1319	1
1320	5
1321	6
1322	7
1323	5
1324	8
1325	6
1326	6
1327	4
1328	8
1329	11
1330	7
1331	5
1332	10
1333	9
1334	9
1335	7
1336	8
1337	8
1338	10
1339	7
1340	11
1341	9
1342	8
1343	8
1344	6
1345	9
1346	5
1347	7
1348	7
1349	10
1350	16
1351	10
1352	12
1353	7
1354	6
1355	10
1356	13
1357	5
1358	8
1359	4
1360	9
1361	5
1362	5
1363	10
1364	5
1365	11
1366	10
1367	7
1368	7
1369	8
1370	8
1371	7
1372	6
1373	6
1374	2
1375	14
1376	10
1377	13
1378	8
1379	3
1380	8
1381	13
1382	5
1383	5
1384	7
1385	6
1386	7
1387	5
1388	4
1389	6
1390	5
1391	5
1392	8
1393	2
1394	4
1395	11
1396	5
1397	7
1398	1
1399	8
1400	3
1401	9
1402	5
1403	12
1404	16
1405	9
1406	4
1407	6
1408	8
1409	9
1410	6
1411	9
1412	8
1413	7
1414	10
1415	5
1416	7
1417	11
1418	5
1419	10
1420	10
1421	7
1422	7
1423	12
1424	8
1425	9
1426	10
1427	9
1428	9
1429	11
1430	13
1431	11
1432	9
1433	11
1434	4
1435	7
1436	13
1437	14
1438	10
1439	13
1440	12
1441	9
1442	8
1443	12
1444	6
1445	11
1446	16
1447	5
1448	12
1449	10
1450	8
1451	9
1452	12
1453	10
1454	10
1455	8
1456	9
1457	10
1458	7
1459	4
1460	7
1461	6
1462	12
1463	12
1464	8
1465	10
1466	14
1467	5
1468	6
1469	2
1470	12
1471	13
1472	8
1473	3
1474	7
1475	11
1476	9
1477	10
1478	6
1479	5
1480	6
1481	4
1482	7
1483	4
1484	8
1485	10
1486	3
1487	7
1488	8
1489	3
1491	1
1492	4
1493	10
1494	8
1495	3
1496	7
1497	2
1498	6
1499	5
1500	2
1501	8
1502	5
1503	5
1504	5
1505	6
1506	2
1507	3
1508	7
1509	7
1510	6
1511	8
1512	6
1513	5
1514	5
1515	9
1516	9
1517	8
1518	10
1519	4
1520	5
1521	6
1522	4
1523	6
1524	4
1525	5
1526	5
1527	10
1528	4
1529	8
1530	16
1531	2
1532	5
1533	8
1534	8
1535	7
1536	1
1537	5
1538	10
1539	9
1540	6
1541	5
1542	10
1543	5
1544	6
1545	6
1546	6
1547	9
1548	5
1549	2
1550	6
1551	6
1552	10
1553	8
1554	7
1555	12
1556	10
1557	4
1558	8
1559	4
1560	8
1561	9
1562	3
1563	9
1564	8
1565	6
1566	8
1567	6
1568	9
1569	6
1570	5
1571	5
1572	7
1573	6
1574	7
1575	6
1576	2
1577	13
1578	7
1579	7
1580	3
1581	6
1582	5
1583	5
1584	5
1585	3
1586	6
1587	1
1588	3
1589	5
1590	2
1591	4
1592	7
1593	5
1594	4
1595	2
1596	8
1597	7
1598	3
1599	4
1600	2
1601	4
1602	3
1603	2
1604	7
1605	10
1606	4
1607	5
1608	8
1609	5
1610	4
1611	6
1612	5
1613	4
1614	4
1615	7
1616	3
1617	3
1618	8
1619	4
1620	2
1621	5
1622	3
1624	5
1625	6
1626	4
1627	4
1628	9
1629	7
1630	4
1631	2
1632	4
1633	7
1634	4
1635	2
1636	8
1637	6
1638	3
1639	4
1640	3
1641	4
1642	3
1643	4
1644	8
1645	3
1646	4
1647	2
1648	4
1649	7
1650	10
1651	2
1652	1
1653	4
1654	6
1655	4
1656	1
1657	4
1658	5
1659	2
1660	7
1661	4
1662	3
1663	5
1664	5
1665	4
1666	2
1667	5
1668	5
1669	4
1670	4
1671	4
1672	4
1673	7
1674	3
1675	2
1676	4
1677	10
1678	6
1679	9
1680	8
1681	3
1682	2
1683	1
1684	4
1685	5
1686	10
1687	6
1688	6
1689	4
1690	6
1691	5
1692	7
1693	5
1694	6
1695	5
1696	6
1697	4
1698	3
1699	5
1700	5
1701	2
1702	3
1703	4
1704	2
1705	2
1706	5
1707	6
1708	6
1709	4
1710	6
1711	6
1713	7
1714	4
1715	3
1716	8
1717	6
1718	8
1719	7
1720	7
1721	6
1722	6
1723	2
1724	7
1725	6
1726	9
1727	1
1728	5
1729	5
1730	3
1731	8
1732	4
1733	4
1734	1
1735	4
1736	5
1737	2
1738	8
1739	3
1740	3
1741	8
1742	2
1743	3
1744	4
1745	1
1746	4
1747	5
1748	2
1749	5
1750	5
1751	4
1752	3
1753	3
1754	5
1755	5
1756	6
1757	5
1758	8
1759	2
1760	6
1761	4
1762	5
1763	3
1764	3
1765	2
1766	2
1767	6
1768	4
1769	6
1770	1
1771	4
1772	2
1773	2
1774	2
1775	3
1776	4
1777	1
1778	3
1779	10
1780	1
1781	3
1782	6
1783	5
1784	7
1785	6
1786	4
1787	5
1788	6
1789	5
1790	2
1791	12
1792	3
1793	2
1794	3
1795	6
1796	1
1797	6
1798	6
1799	5
1800	2
1801	2
1802	2
1803	6
1804	2
1805	6
1806	11
1807	12
1808	8
1809	3
1810	7
1811	9
1812	8
1813	4
1814	9
1815	5
1816	8
1817	4
1818	5
1819	2
1820	5
1821	4
1822	3
1823	7
1824	5
1825	6
1826	6
1827	3
1828	3
1829	6
1830	6
1831	3
1832	7
1833	5
1834	5
1835	7
1836	2
1837	8
1839	6
1840	5
1841	6
1842	7
1843	3
1844	5
1845	7
1846	2
1847	2
1848	9
1849	2
1850	7
1851	3
1852	4
1853	2
1854	8
1855	2
1856	6
1857	5
1858	3
1859	3
1860	11
1861	4
1862	7
1863	4
1864	2
1865	5
1866	5
1867	3
1868	7
1869	7
1870	3
1871	2
1872	3
1873	1
1874	7
1875	6
1876	2
1877	2
1878	6
1879	4
1880	4
1881	2
1882	2
1883	2
1885	2
1886	2
1888	2
1889	2
1890	5
1891	2
1892	2
1893	2
1897	2
1898	4
1899	1
1900	4
1901	1
1902	2
1903	4
1904	1
1905	2
1906	6
1907	4
1908	1
1909	3
1910	1
1911	5
1912	3
1913	2
1914	5
1915	4
1916	1
1917	5
1918	2
1919	1
1920	2
1921	2
1922	1
1923	3
1924	1
1925	7
1926	2
1928	1
1929	1
1930	2
1931	4
1932	1
1933	4
1934	4
1935	2
1936	1
1938	1
1939	2
1940	1
1941	3
1943	3
1944	1
1945	7
1946	1
1947	1
1948	3
1949	3
1950	1
1951	3
1952	1
1953	8
1954	4
1955	4
1956	1
1957	4
1958	3
1959	1
1960	3
1961	2
1962	1
1963	5
1964	3
1965	1
1966	1
1967	2
1969	2
1970	2
1971	2
1972	2
1973	1
1974	2
1976	2
1977	2
1978	1
1979	2
1980	2
1981	2
1982	2
1983	2
1984	3
1985	2
1986	3
1987	3
1988	2
1990	5
1991	2
1992	1
1993	1
1994	1
1995	4
1996	1
1997	3
1998	3
1999	1
2000	3
2002	2
2003	1
2004	3
2006	3
2007	2
2008	2
2009	1
2010	2
2011	3
2012	2
2013	1
2014	1
2016	1
2017	2
2020	2
2021	2
2022	2
2023	2
2024	2
2025	4
2027	4
2029	5
2030	4
2031	1
2032	4
2033	5
2035	1
2036	4
2038	2
2039	2
2040	2
2041	1
2042	6
2043	3
2044	1
2045	2
2046	2
2047	2
2048	4
2049	1
2051	2
2053	1
2054	3
2055	3
2056	2
2057	3
2058	2
2059	2
2060	3
2061	3
2062	1
2063	3
2064	5
2065	1
2066	2
2067	2
2068	1
2069	1
2070	3
2071	1
2072	4
2073	1
2074	4
2075	1
2076	3
2077	1
2078	4
2079	4
2080	2
2081	3
2082	3
2084	1
2085	4
2086	2
2087	4
2088	4
2089	1
2090	1
2092	3
2093	1
2094	2
2095	1
2096	4
2097	5
2098	4
2099	3
2100	2
2101	2
2102	4
2105	2
2106	3
2107	3
2108	1
2109	5
2110	3
2111	1
2112	1
2113	1
2114	3
2115	1
2116	2
2117	2
2118	1
2119	2
2120	2
2121	4
2122	1
2123	1
2124	1
2126	2
2127	3
2128	1
2129	5
2130	1
2131	1
2132	2
2133	3
2134	7
2135	2
2136	3
2137	1
2138	2
2141	3
2142	1
2143	2
2146	1
2148	1
2150	2
2151	1
2152	2
2153	3
2154	2
2155	1
2156	3
2158	1
2159	1
2160	1
2161	1
2162	2
2164	1
2166	5
2167	1
2169	1
2171	7
2172	2
2173	2
2174	2
2175	3
2176	3
2177	2
2178	2
2179	3
2180	1
2181	2
2182	1
2183	2
2184	4
2186	3
2187	1
2189	1
2190	1
2191	2
2193	1
2194	1
2196	2
2198	1
2202	3
2203	1
2204	1
2205	1
2206	1
2207	1
2212	1
2213	2
2214	2
2215	4
2216	1
2221	1
2226	1
2227	2
2230	1
2231	1
2238	1
2240	2
2241	1
2247	1
2249	1
2250	1
2251	1
2252	1
2254	2
2256	1
2266	2
2267	1
2268	1
2269	1
2271	1
2272	1
2274	1
2279	1
2280	1
2286	2
2287	1
2288	1
2291	2
2293	1
2298	1
2300	1
2301	1
2308	3
2309	1
2310	1
2313	1
2316	1
2317	1
2319	1
2321	2
2322	2
2323	1
2324	1
2327	1
2331	1
2334	1
2340	1
2344	2
2345	1
2346	1
2347	1
2348	2
2356	2
2357	2
2361	2
2365	3
2366	2
2372	3
2377	1
2379	1
2380	2
2382	1
2383	1
2385	2
2390	1
2391	1
2396	2
2398	1
2400	2
2401	1
2403	1
2404	1
2405	3
2409	1
2410	1
2411	1
2412	1
2414	2
2416	1
2419	1
2421	1
2422	1
2424	3
2425	2
2427	1
2429	2
2433	1
2438	1
2439	1
2441	2
2443	1
2447	1
2449	1
2450	2
2451	2
2453	1
2454	1
2456	1
2457	1
2459	1
2463	1
2465	1
2471	1
2475	1
2487	1
2503	1
2505	1
2519	1
2521	1
2525	1
2526	1
2527	1
2536	1
2537	1
2552	1
2553	2
2559	2
2560	1
2565	1
2580	1
2583	1
2594	1
2602	1
2624	1
2630	1
2632	1
2637	1
2643	1
2644	1
2652	1
2669	1
2670	1
2673	1
2683	1
2697	1
2736	1
2783	1
2793	1
2800	1
2803	1
2807	1
2816	1
2821	1
2860	1
2875	1
2877	1
2878	1
2880	1
2887	1
2891	1
2896	1
2898	1
2902	1
2903	1
2907	1
2910	1
2912	1
2913	2
2914	1
2916	2
2919	2
2920	1
2921	1
2923	1
2931	1
2935	1
2937	1
2938	2
2939	1
2940	1
2942	1
2951	1
2952	1
2955	1
2959	1
2963	1
2965	1
2966	1
2970	1
2971	1
2974	1
2975	1
2978	2
2983	2
2984	1
2988	1
2989	1
2994	1
2996	1
3000	1
3002	1
3005	1
3021	1
3023	2
3034	2
3036	1
3038	1
3044	2
3045	1
3048	1
3050	2
3058	1
3063	1
3070	1
3073	1
3075	1
3077	1
3083	2
3085	1
3092	1
3096	2
3102	1
3130	1
3134	1
3137	1
3147	1
3155	1
3156	1
3157	1
3163	1
3164	1
3174	1
3179	1
3187	1
3196	1
3197	1
3198	2
3200	1
3202	1
3205	1
3206	1
3208	1
3211	1
3215	1
3218	1
3229	1
3241	1
3251	1
3259	1
3267	1
3275	2
3278	3
3279	1
3280	1
3281	4
3284	1
3298	1
3300	1
3301	1
3312	1
3322	1
3323	1
3327	1
3328	1
3332	1
3334	1
3335	1
3337	2
3358	1
3359	1
3365	1
3371	1
3374	3
3377	1
3382	1
3390	1
3391	1
3402	1
3417	1
3429	1
3438	2
3459	1
3469	2
3473	1
3475	1
3480	1
3491	2
3493	1
3501	1
3506	1
3521	1
3528	1
3530	1
3542	1
3554	1
3559	1
3564	1
3568	1
3570	1
3585	2
3598	1
3607	1
3608	1
3609	1
3610	1
3611	1
3612	1
3617	1
3618	1
3620	1
3621	2
3624	3
3625	1
3626	2
3627	1
3631	1
3633	1
3640	1
3642	1
3644	1
3652	1
3660	1
3662	1
3674	1
3681	1
3685	1
3687	1
3688	1
3689	1
3692	1
3697	4
3699	1
3705	1
3706	3
3708	1
3712	1
3713	2
3715	1
3720	1
3721	1
3724	1
3727	3
3732	1
3734	1
3740	1
3754	1
3759	1
3761	1
3764	1
3770	1
3773	1
3779	1
3784	1
3787	1
3788	1
3795	1
3797	1
3799	1
3801	1
3802	1
3803	1
3804	1
3807	1
3808	1
3809	1
3812	1
3816	1
3818	1
3826	1
3830	1
3835	1
3840	1
3842	1
3843	1
3844	1
3853	1
3856	2
3868	1
3869	1
3871	1
3874	2
3878	1
3880	1
3881	1
3882	1
3885	1
3898	1
3901	1
3902	1
3904	1
3913	2
3920	1
3923	1
3929	2
3938	1
3943	1
3948	1
3953	1
3959	1
3961	1
3969	1
3971	1
3978	2
3979	1
3982	1
3985	1
3990	1
3991	1
3997	1
4000	1
4005	1
4013	1
4020	1
4028	1
4029	1
4030	1
4036	1
4039	1
4044	1
4046	1
4048	1
4052	1
4054	2
4056	1
4066	1
4068	1
4071	1
4072	1
4075	1
4076	1
4079	1
4081	1
4092	1
4094	2
4096	1
4103	1
4105	1
4110	1
4111	1
4112	1
4113	1
4114	1
4115	1
4117	1
4126	2
4127	1
4128	1
4129	2
4131	1
4132	1
4135	1
4137	1
4138	1
4147	1
4148	1
4152	2
4155	1
4171	1
4174	1
4175	1
4176	1
4180	1
4183	1
4187	2
4197	2
4198	1
4210	2
4214	2
4217	1
4228	1
4229	1
4238	1
4241	1
4258	1
4259	1
4265	1
4268	1
4270	1
4272	1
4274	1
4276	2
4277	1
4282	1
4284	1
4286	1
4293	1
4294	1
4295	1
4296	1
4299	1
4305	1
4311	1
4313	1
4314	1
4315	1
4316	1
4331	1
4334	2
4337	1
4339	1
4342	1
4343	1
4345	1
4352	1
4353	1
4357	1
4359	1
4364	1
4365	1
4373	1
4377	1
4380	1
4384	1
4386	1
4391	2
4394	1
4398	1
4408	1
4409	1
4410	1
4414	1
4418	1
4420	1
4422	1
4426	1
4428	3
4430	1
4433	1
4441	1
4444	1
4447	1
4451	1
4459	1
4463	1
4468	1
4476	1
4481	1
4482	1
4485	1
4487	1
4489	1
4491	1
4494	1
4497	1
4504	1
4508	1
4513	1
4514	1
4520	1
4528	1
4533	1
4536	1
4539	1
4552	1
4562	1
4564	1
4565	1
4566	1
4568	1
4569	1
4571	1
4576	1
4577	1
4580	1
4584	1
4585	1
4592	1
4593	1
4596	1
4602	1
4603	2
4605	2
4616	1
4619	1
4622	1
4625	1
4626	2
4627	2
4629	1
4631	1
4632	2
4634	1
4637	1
4644	1
4648	1
4659	1
4664	1
4667	1
4668	1
4674	1
4675	1
4677	3
4678	1
4680	1
4681	1
4683	1
4686	1
4689	1
4694	1
4696	1
4699	1
4701	2
4702	4
4704	1
4706	2
4707	2
4709	1
4716	1
4718	1
4722	1
4723	1
4733	1
4734	1
4748	2
4753	1
4755	1
4756	2
4758	1
4760	1
4761	1
4762	1
4764	1
4773	1
4778	1
4782	3
4784	1
4785	1
4786	1
4787	1
4795	2
4797	1
4798	1
4800	2
4802	1
4805	1
4808	1
4813	2
4815	1
4820	1
4826	1
4827	1
4828	1
4830	2
4834	1
4835	1
4836	1
4837	1
4839	1
4840	1
4843	2
4845	1
4850	2
4853	1
4854	1
4856	1
4858	1
4865	2
4877	1
4878	1
4880	3
4884	1
4886	1
4888	1
4892	1
4896	1
4897	1
4903	1
4905	1
4907	1
4909	1
4911	2
4915	1
4919	1
4920	1
4921	1
4922	2
4927	1
4928	1
4932	1
4934	1
4935	1
4937	1
4938	1
4941	1
4943	1
4946	1
4947	1
4948	1
4950	1
4957	1
4964	1
4969	1
4971	2
4972	2
4973	2
4974	1
4975	2
4981	1
4984	1
4985	2
4986	1
4987	1
4991	2
4995	1
4997	1
4998	1
5000	1
5003	2
5004	1
5007	1
5008	1
5014	1
5019	2
5020	2
5027	2
5028	2
5030	1
5031	1
5033	1
5037	1
5039	1
5041	2
5043	1
5044	1
5045	3
5046	1
5047	1
5049	1
5051	1
5052	1
5054	1
5059	1
5060	1
5062	2
5064	1
5065	2
5067	1
5069	1
5070	1
5071	1
5073	1
5074	1
5075	1
5076	1
5079	2
5080	2
5086	2
5091	1
5092	1
5096	1
5100	1
5101	1
5102	2
5103	1
5104	1
5106	1
5115	2
5118	1
5121	1
5125	1
5135	1
5140	1
5142	1
5144	1
5149	1
5152	1
5154	1
5161	2
5162	1
5170	1
5172	1
5173	1
5176	1
5177	1
5179	1
5180	1
5183	1
5188	1
5190	1
5194	1
5195	1
5197	1
5199	1
5202	1
5203	1
5205	1
5206	1
5209	1
5213	2
5215	1
5221	1
5222	2
5223	1
5227	1
5229	1
5231	1
5232	1
5234	1
5236	1
5237	1
5239	1
5241	1
5243	2
5245	1
5247	1
5250	2
5253	1
5255	1
5256	1
5258	1
5262	1
5264	2
5266	1
5267	1
5269	2
5270	2
5273	1
5279	1
5281	1
5283	1
5284	1
5289	1
5291	2
5293	1
5298	1
5302	2
5307	1
5308	1
5309	1
5310	1
5312	1
5315	1
5317	1
5318	2
5319	1
5321	1
5322	2
5325	1
5330	1
5331	2
5332	1
5336	1
5340	1
5341	2
5342	1
5343	1
5344	1
5346	1
5350	2
5353	1
5355	1
5356	1
5360	1
5364	1
5365	1
5367	2
5371	1
5372	2
5373	5
5374	1
5375	1
5378	1
5381	2
5386	1
5391	1
5392	1
5393	1
5396	1
5397	1
5401	2
5402	4
5406	2
5407	1
5409	1
5410	1
5417	1
5425	1
5427	1
5431	1
5437	1
5448	1
5455	1
5459	1
5470	1
5471	1
5474	1
5475	1
5492	1
5495	1
5503	1
5504	1
5518	1
5531	1
5535	1
5536	1
5540	2
5551	1
5552	2
5554	1
5564	1
5565	1
5566	1
5590	1
5591	1
5608	1
5610	1
5612	2
5622	1
5627	1
5646	1
5670	1
5673	1
5675	1
5682	1
5699	1
5702	1
5703	1
5704	1
5707	1
5716	1
5719	1
5720	1
5729	1
5730	1
5753	1
5756	2
5774	1
5781	1
5783	1
5795	1
5809	1
5811	1
5814	1
5816	3
5818	1
5823	1
5828	1
5863	1
5882	1
5890	1
5893	1
5910	1
5937	1
5943	1
5948	2
5958	1
5959	1
5963	2
5964	1
5965	1
5966	1
5974	1
5977	1
5984	1
5999	1
6000	1
6005	1
6008	1
6021	1
6032	1
6047	1
6049	1
6053	1
6055	1
6070	1
6081	1
6090	1
6093	1
6112	1
6116	2
6117	1
6122	1
6132	1
6134	2
6148	1
6150	1
6154	2
6158	1
6160	1
6193	1
6197	1
6198	1
6211	1
6216	1
6237	1
6239	1
6244	1
6252	1
6255	1
6260	1
6265	2
6266	1
6270	1
6287	1
6290	1
6297	2
6300	1
6301	1
6327	1
6330	1
6331	1
6344	1
6351	1
6374	2
6389	1
6390	1
6394	1
6420	1
6455	1
6458	1
6479	1
6491	1
6493	1
6496	1
6506	1
6512	1
6513	1
6514	1
6515	1
6520	1
6524	1
6530	1
6546	1
6552	1
6556	1
6557	1
6558	1
6572	1
6583	2
6593	1
6595	1
6599	1
6612	1
6625	1
6631	1
6635	1
6637	1
6652	1
6656	1
6658	1
6677	1
6678	1
6680	1
6681	1
6682	1
6683	1
6684	1
6686	1
6691	2
6692	1
6694	1
6698	1
6701	1
6709	1
6712	2
6715	1
6719	1
6720	1
6723	1
6727	1
6733	1
6747	1
6755	2
6757	1
6776	1
6787	1
6791	3
6802	2
6806	1
6819	1
6826	1
6829	1
6845	1
6846	1
6853	1
6854	1
6862	1
6863	1
6865	1
6868	1
6869	1
6876	1
6880	1
6884	1
6885	1
6892	1
6893	2
6905	1
6906	1
6908	1
6911	2
6912	2
6913	2
6928	1
6929	3
6930	1
6931	1
6934	1
6935	1
6937	1
6940	2
6941	2
6945	1
6946	1
6947	1
6953	1
6955	1
6958	1
6961	1
6963	2
6965	1
6972	1
6975	1
6981	1
6986	1
6987	1
6997	1
6998	1
6999	1
7006	1
7019	1
7025	1
7028	1
7047	1
7056	1
7059	1
7061	1
7062	1
7063	1
7064	1
7084	1
7087	1
7089	1
7091	1
7098	1
7101	1
7118	1
7138	1
7147	2
7152	1
7154	1
7157	1
7168	2
7169	1
7171	1
7174	1
7181	1
7193	2
7194	1
7209	1
7215	2
7218	1
7225	1
7234	1
7235	1
7236	1
7237	1
7243	1
7248	1
7253	1
7258	1
7259	1
7261	1
7265	1
7269	1
7272	1
7274	1
7276	2
7277	1
7280	1
7281	1
7283	1
7285	1
7287	1
7288	1
7289	1
7292	1
7301	1
7303	1
7304	2
7305	1
7307	1
7308	1
7309	1
7310	1
7312	1
7313	2
7315	1
7318	2
7319	1
7325	1
7326	2
7331	1
7333	1
7334	1
7335	1
7339	1
7341	1
7343	1
7345	1
7346	1
7347	1
7348	1
7351	2
7352	1
7354	1
7356	1
7360	1
7361	2
7362	1
7363	1
7364	1
7366	1
7368	2
7373	2
7374	1
7375	1
7376	1
7378	2
7379	1
7380	1
7385	1
7386	1
7390	1
7391	1
7392	2
7393	1
7394	2
7395	1
7399	1
7400	1
7405	3
7406	1
7407	1
7409	1
7410	2
7412	1
7416	1
7417	1
7421	2
7423	1
7424	1
7425	1
7432	1
7433	1
7439	1
7441	1
7442	1
7443	1
7445	1
7449	1
7450	2
7454	1
7457	1
7458	1
7464	1
7475	1
7480	1
7483	1
7486	2
7491	1
7493	1
7494	1
7497	2
7499	3
7503	1
7504	1
7506	1
7508	1
7509	3
7511	1
7512	1
7514	1
7520	1
7523	1
7524	1
7526	1
7530	1
7532	1
7533	2
7534	1
7537	1
7546	1
7547	1
7551	1
7553	1
7556	1
7557	3
7558	3
7559	1
7561	1
7570	1
7572	1
7575	3
7576	1
7578	2
7582	1
7583	2
7584	2
7590	2
7599	1
7602	1
7604	2
7605	1
7607	1
7609	2
7611	1
7612	1
7615	1
7620	2
7621	1
7624	1
7629	1
7631	1
7634	2
7636	1
7641	2
7642	1
7643	1
7645	1
7647	1
7650	3
7652	1
7653	1
7658	2
7659	1
7662	2
7663	1
7664	1
7666	1
7671	1
7672	1
7673	3
7674	2
7675	1
7678	1
7679	1
7682	1
7684	2
7690	1
7696	1
7701	1
7704	1
7705	2
7706	1
7707	1
7708	1
7710	1
7711	2
7719	1
7721	1
7726	1
7728	1
7732	2
7739	2
7740	1
7741	1
7742	2
7744	1
7748	3
7750	2
7752	1
7754	1
7758	1
7760	1
7761	1
7762	1
7764	2
7765	1
7767	1
7769	1
7770	1
7771	2
7775	1
7776	1
7778	1
7781	2
7782	1
7784	3
7787	1
7789	1
7793	2
7796	1
7798	1
7799	1
7800	1
7802	3
7804	1
7809	1
7810	1
7817	1
7818	2
7821	1
7823	1
7824	1
7825	3
7830	1
7831	1
7835	1
7837	1
7838	1
7840	1
7854	1
7855	1
7864	1
7866	2
7868	1
7875	2
7883	1
7889	1
7890	1
7892	1
7896	1
7900	1
7905	1
7908	1
7909	1
7917	1
7919	2
7922	1
7933	1
7935	1
7936	1
7941	2
7943	2
7944	1
7945	1
7946	2
7947	1
7949	1
7950	1
7952	3
7953	1
7958	2
7959	1
7961	1
7963	1
7964	1
7966	1
7968	2
7969	1
7970	1
7972	2
7973	1
7976	1
7977	3
7990	2
7991	1
7992	1
7995	2
7999	1
8000	2
8006	1
8007	1
8008	2
8014	1
8016	2
8017	1
8019	1
8023	2
8028	1
8029	1
8030	1
8031	1
8033	1
8034	2
8035	2
8039	1
8040	1
8041	1
8042	1
8043	1
8044	1
8047	1
8049	2
8050	1
8052	2
8053	1
8055	2
8057	2
8060	1
8063	1
8065	1
8069	1
8080	2
8081	1
8083	1
8084	1
8085	1
8086	1
8088	1
8089	1
8095	1
8097	1
8099	1
8101	2
8103	1
8106	1
8107	1
8112	1
8114	1
8116	2
8117	1
8120	1
8123	1
8126	1
8131	1
8132	2
8133	1
8137	2
8139	1
8142	1
8144	1
8145	2
8146	1
8150	1
8157	2
8160	3
8161	1
8162	1
8171	1
8172	1
8174	2
8175	2
8178	2
8179	1
8181	1
8182	1
8184	1
8186	1
8187	1
8189	2
8190	1
8191	1
8196	2
8198	1
8199	1
8200	1
8201	1
8205	1
8212	1
8214	2
8216	1
8218	1
8219	1
8227	1
8229	1
8231	1
8237	1
8239	1
8240	1
8241	1
8243	1
8247	1
8250	1
8252	2
8254	1
8255	1
8257	1
8258	2
8260	1
8261	1
8262	1
8264	2
8265	1
8266	1
8267	1
8270	2
8271	1
8276	1
8277	1
8278	1
8283	1
8286	1
8290	1
8296	2
8297	1
8298	1
8299	1
8300	1
8301	1
8303	1
8306	1
8308	1
8309	1
8310	1
8317	2
8319	1
8320	1
8321	2
8325	1
8327	1
8329	2
8331	3
8336	2
8340	1
8341	1
8343	2
8345	1
8346	1
8347	2
8348	1
8349	3
8351	1
8352	1
8353	1
8358	1
8360	1
8361	3
8362	1
8363	1
8364	1
8367	1
8371	1
8372	1
8374	1
8375	1
8381	1
8384	1
8386	1
8387	2
8389	1
8393	1
8394	2
8396	2
8398	1
8402	2
8405	1
8407	1
8408	2
8412	1
8413	2
8414	1
8415	1
8418	2
8421	1
8423	2
8429	1
8430	1
8431	1
8432	2
8435	1
8437	2
8440	3
8441	1
8443	1
8444	2
8445	1
8447	2
8450	1
8453	1
8456	1
8457	1
8461	1
8462	1
8463	1
8469	1
8471	1
8474	1
8477	1
8480	2
8483	1
8484	1
8485	1
8486	1
8487	1
8490	1
8492	1
8495	1
8497	1
8498	2
8499	2
8500	2
8501	1
8502	1
8504	2
8505	2
8507	1
8509	2
8510	1
8511	1
8513	1
8514	2
8515	1
8516	2
8517	2
8518	5
8519	1
8520	1
8521	1
8522	1
8523	3
8525	1
8530	2
8531	1
8533	2
8535	2
8537	1
8539	1
8540	3
8541	2
8542	1
8544	4
8545	2
8546	2
8550	1
8552	2
8553	1
8554	1
8555	2
8556	1
8557	2
8558	3
8560	1
8563	3
8565	1
8567	3
8570	1
8572	1
8574	2
8576	3
8581	1
8583	2
8584	1
8587	3
8589	2
8590	1
8593	1
8595	2
8597	1
8598	1
8599	3
8602	2
8603	1
8605	2
8606	1
8607	1
8608	1
8609	2
8610	1
8611	3
8614	1
8616	2
8619	1
8621	2
8625	2
8626	2
8627	1
8630	1
8631	2
8636	2
8637	1
8638	1
8639	1
8640	2
8642	3
8643	1
8644	1
8647	1
8651	1
8652	1
8654	1
8655	3
8657	1
8659	2
8660	1
8665	1
8667	1
8668	1
8669	1
8670	1
8671	2
8673	1
8674	1
8676	2
8677	1
8678	1
8679	2
8682	1
8684	2
8687	3
8688	2
8689	1
8690	1
8694	1
8695	1
8696	2
8697	2
8702	1
8705	1
8706	3
8707	1
8708	1
8709	1
8711	1
8713	2
8714	1
8715	1
8717	1
8718	2
8720	1
8721	3
8725	1
8727	2
8728	2
8730	1
8735	1
8737	1
8740	1
8741	3
8743	2
8746	1
8749	2
8750	2
8751	1
8753	1
8754	2
8755	3
8756	4
8758	2
8761	1
8762	1
8764	1
8766	1
8768	1
8769	2
8770	1
8771	2
8772	1
8774	1
8776	4
8778	2
8779	3
8780	1
8781	1
8782	1
8783	3
8785	1
8786	1
8788	1
8790	1
8791	2
8792	1
8794	1
8796	2
8800	1
8801	2
8803	1
8804	1
8805	1
8807	1
8811	2
8812	2
8813	1
8815	1
8816	1
8819	1
8820	1
8821	2
8823	1
8824	2
8829	3
8830	2
8831	1
8832	1
8833	1
8834	3
8835	3
8836	2
8837	2
8838	1
8839	1
8840	1
8842	2
8843	1
8844	1
8846	1
8847	1
8848	2
8849	1
8850	2
8854	4
8855	2
8857	1
8858	1
8859	2
8860	4
8864	1
8865	1
8866	2
8868	1
8869	1
8870	1
8871	2
8873	1
8874	3
8875	2
8876	2
8877	2
8879	2
8882	1
8885	1
8886	1
8887	1
8888	2
8889	1
8890	2
8895	1
8897	2
8899	2
8902	2
8904	1
8905	2
8906	1
8907	3
8908	1
8909	2
8910	1
8911	2
8916	2
8918	2
8920	3
8921	1
8922	2
8923	1
8924	2
8925	1
8926	1
8927	1
8928	1
8929	1
8933	1
8936	4
8938	1
8939	1
8940	1
8942	5
8944	2
8946	2
8949	1
8951	2
8952	1
8955	1
8957	1
8960	1
8961	2
8963	1
8964	1
8966	3
8967	1
8969	2
8971	2
8972	1
8973	2
8975	1
8976	1
8977	1
8981	1
8982	1
8983	1
8984	1
8986	1
8987	2
8990	1
8992	2
8995	1
8996	3
8997	1
9000	1
9003	1
9004	2
9008	1
9009	1
9011	1
9012	1
9013	2
9014	1
9015	1
9016	1
9017	3
9018	2
9019	4
9021	3
9023	2
9026	1
9027	1
9028	1
9029	2
9030	1
9035	1
9036	1
9038	2
9040	1
9041	1
9046	2
9048	1
9050	1
9053	1
9054	1
9055	1
9060	1
9063	1
9064	3
9068	2
9069	1
9072	1
9073	1
9075	1
9076	2
9079	1
9081	1
9084	1
9085	1
9087	2
9089	1
9090	2
9093	1
9094	2
9095	1
9099	2
9100	1
9101	2
9103	2
9107	2
9110	1
9112	1
9113	1
9114	1
9115	2
9116	1
9118	2
9121	5
9122	2
9130	1
9131	1
9134	1
9137	2
9139	2
9140	2
9142	1
9143	1
9147	1
9148	1
9149	2
9152	1
9153	1
9154	1
9157	1
9160	2
9165	1
9166	1
9170	1
9172	2
9173	1
9174	1
9176	2
9178	1
9180	1
9183	2
9185	1
9187	1
9188	1
9189	2
9190	2
9191	1
9196	1
9198	1
9202	1
9203	1
9204	3
9208	1
9210	2
9212	1
9214	1
9215	2
9216	1
9219	1
9222	1
9225	1
9231	2
9234	2
9235	2
9236	1
9237	1
9239	1
9244	1
9246	1
9247	4
9249	2
9252	2
9254	1
9255	1
9256	1
9259	1
9260	1
9261	1
9263	1
9266	1
9267	2
9273	1
9274	1
9275	2
9276	1
9278	2
9279	3
9282	1
9286	1
9287	2
9288	1
9292	1
9293	1
9298	1
9299	1
9300	1
9305	1
9306	1
9307	1
9310	1
9312	1
9314	2
9316	1
9318	3
9320	1
9323	1
9324	1
9325	1
9331	1
9332	3
9333	2
9334	2
9339	3
9340	2
9344	1
9345	2
9347	2
9348	1
9350	2
9351	3
9352	1
9354	1
9355	1
9356	1
9359	3
9366	1
9367	2
9370	2
9371	1
9372	1
9373	1
9374	3
9376	2
9377	1
9379	1
9381	2
9383	1
9384	1
9385	2
9386	1
9387	1
9388	2
9390	2
9391	1
9394	1
9395	2
9396	2
9397	1
9399	2
9400	1
9401	1
9408	1
9415	2
9426	1
9427	1
9434	1
9435	1
9436	1
9442	1
9445	1
9447	1
9448	1
9449	1
9450	1
9453	1
9455	2
9456	2
9457	2
9458	1
9461	2
9463	1
9465	1
9466	1
9475	1
9477	1
9478	2
9480	1
9482	1
9483	2
9484	1
9486	1
9487	2
9488	2
9490	1
9493	1
9494	1
9495	2
9496	1
9501	1
9503	2
9504	2
9505	1
9506	3
9508	2
9509	1
9511	2
9512	1
9515	1
9516	2
9519	1
9520	1
9523	1
9525	1
9528	1
9529	2
9530	1
9531	3
9534	1
9535	1
9538	2
9540	2
9541	1
9543	1
9546	1
9548	1
9550	1
9551	1
9552	3
9553	2
9555	1
9556	1
9558	1
9559	1
9560	1
9561	1
9563	1
9565	1
9567	1
9570	3
9571	1
9572	2
9574	1
9575	1
9576	1
9577	4
9579	1
9580	1
9581	1
9583	2
9585	2
9586	1
9587	1
9588	2
9589	1
9590	1
9591	1
9592	2
9593	1
9595	2
9596	4
9597	1
9599	1
9600	1
9601	1
9602	2
9606	2
9607	1
9609	1
9611	3
9612	1
9615	1
9616	2
9617	1
9618	4
9619	2
9620	4
9621	1
9623	1
9624	1
9626	1
9627	1
9628	1
9630	3
9631	2
9632	1
9634	1
9635	1
9636	3
9637	2
9638	1
9639	1
9642	2
9643	1
9644	1
9645	3
9647	1
9649	2
9653	2
9656	1
9657	2
9659	1
9660	2
9663	2
9664	1
9665	2
9666	2
9667	2
9668	2
9669	1
9670	1
9672	1
9673	2
9674	1
9675	3
9677	1
9678	3
9679	1
9680	1
9681	2
9682	1
9684	3
9685	1
9686	2
9687	1
9689	1
9690	1
9691	1
9692	1
9693	2
9694	1
9696	1
9697	1
9698	1
9700	2
9703	2
9705	1
9706	3
9708	1
9710	1
9711	1
9713	1
9716	1
9717	1
9718	2
9719	2
9720	2
9727	1
9729	2
9730	1
9734	2
9735	1
9736	1
9737	2
9741	1
9742	1
9743	1
9745	1
9747	1
9748	3
9749	3
9750	2
9752	3
9756	1
9757	1
9759	2
9760	1
9761	1
9762	1
9763	1
9769	2
9771	1
9772	1
9773	1
9774	1
9777	1
9778	3
9779	1
9781	2
9784	1
9786	1
9791	1
9792	1
9795	2
9796	1
9797	3
9798	2
9799	1
9800	1
9805	1
9806	1
9808	1
9811	1
9812	2
9813	1
9814	2
9815	2
9817	1
9821	2
9824	1
9825	1
9826	1
9833	1
9837	2
9838	2
9839	1
9840	2
9842	2
9843	3
9844	2
9848	2
9849	1
9854	1
9857	1
9859	2
9861	1
9863	1
9864	1
9866	1
9867	1
9869	2
9872	1
9875	1
9878	1
9879	1
9880	1
9881	2
9882	2
9883	2
9888	1
9889	1
9890	1
9891	1
9892	1
9894	2
9896	1
9897	1
9898	3
9900	1
9901	1
9903	1
9904	1
9907	1
9908	2
9909	1
9912	2
9913	1
9919	2
9921	1
9924	1
9927	1
9928	1
9931	1
9935	1
9936	2
9940	1
9944	1
9945	1
9947	1
9950	2
9954	1
9955	1
9957	1
9958	2
9959	1
9961	1
9964	1
9965	1
9966	1
9973	1
9977	2
9978	2
9980	1
9982	1
9984	2
9986	2
9987	1
9992	1
9993	1
9994	3
9997	1
9998	1
9999	1
10000	2
10003	1
10004	2
10007	1
10009	1
10010	3
10013	1
10020	1
10022	1
10024	2
10025	1
10030	1
10031	1
10032	2
10035	1
10038	1
10040	1
10042	1
10043	1
10052	1
10058	1
10062	1
10066	2
10069	2
10074	2
10076	1
10077	1
10078	1
10079	1
10081	2
10084	1
10085	1
10088	2
10090	1
10101	1
10108	1
10110	1
10113	1
10117	1
10120	1
10121	1
10122	1
10125	1
10126	1
10127	1
10130	1
10133	1
10134	1
10140	1
10142	1
10144	1
10145	1
10150	1
10162	1
10164	1
10166	1
10173	1
10177	1
10180	1
10185	1
10194	1
10196	1
10197	1
10202	1
10207	2
10210	1
10211	1
10212	1
10214	1
10222	1
10223	1
10234	1
10243	2
10246	2
10247	2
10249	1
10251	2
10256	1
10260	1
10261	2
10263	1
10267	1
10268	1
10272	1
10273	2
10275	3
10276	1
10288	1
10289	1
10290	1
10296	1
10300	1
10301	1
10305	1
10306	1
10309	1
10313	1
10316	1
10319	1
10320	1
10324	1
10325	1
10326	2
10332	1
10333	1
10334	1
10341	2
10349	1
10364	1
10368	1
10372	1
10379	1
10380	1
10383	1
10385	1
10391	1
10392	1
10393	1
10394	1
10396	1
10400	1
10409	1
10418	1
10426	1
10448	1
10459	1
10489	1
10507	1
10518	1
10533	1
10538	1
10545	1
10557	1
10565	1
10572	1
10581	1
10588	1
10613	1
10614	1
10640	1
10651	1
10653	1
10655	1
10676	1
10690	1
10706	2
10715	1
10725	1
10728	1
10732	1
10737	1
10742	1
10749	1
10759	1
10760	1
10766	1
10779	1
10780	1
10783	1
10790	1
10804	1
10817	1
10819	1
10821	1
10825	1
10830	1
10841	1
10847	1
10852	2
10861	1
10867	1
10868	1
10884	1
10919	1
10920	2
10940	1
10946	1
10953	1
10958	1
10964	1
10965	2
10967	1
10977	1
10978	1
10982	1
10994	1
11002	1
11008	1
11029	1
11036	1
11038	1
11040	1
11045	1
11051	2
11052	1
11064	1
11070	3
11073	1
11077	2
11078	1
11081	1
11085	1
11087	1
11089	2
11090	1
11091	1
11095	1
11098	2
11104	1
11107	2
11109	1
11114	1
11117	1
11118	1
11120	1
11125	1
11135	2
11139	1
11140	1
11141	1
11145	1
11150	1
11151	1
11158	1
11160	1
11161	1
11162	2
11163	1
11164	1
11180	1
11184	1
11186	1
11197	1
11206	1
11207	1
11212	1
11213	1
11217	1
11219	1
11221	1
11222	2
11224	1
11230	1
11232	1
11233	1
11234	1
11236	2
11238	1
11240	2
11243	1
11244	1
11246	1
11248	1
11256	1
11258	1
11265	1
11268	1
11269	1
11273	1
11275	1
11280	1
11285	2
11287	1
11288	4
11302	1
11314	1
11316	1
11333	1
11336	1
11338	2
11339	1
11342	1
11343	1
11346	2
11354	1
11360	1
11363	1
11367	1
11374	1
11387	2
11390	1
11395	1
11398	1
11401	1
11403	1
11404	1
11405	1
11408	1
11410	1
11420	1
11424	1
11425	1
11427	1
11433	2
11436	1
11438	1
11439	2
11441	2
11442	2
11444	1
11447	1
11449	2
11451	1
11452	1
11453	2
11454	1
11455	2
11461	1
11462	1
11468	1
11471	1
11481	1
11489	1
11494	1
11495	1
11496	1
11497	2
11501	2
11502	1
11506	2
11513	1
11515	1
11516	1
11519	1
11520	1
11521	2
11528	1
11530	1
11531	1
11538	1
11547	1
11558	1
11561	1
11565	1
11567	1
11568	1
11569	1
11570	2
11571	1
11576	1
11577	1
11579	1
11580	1
11581	1
11582	2
11583	1
11585	2
11589	1
11590	1
11591	1
11594	1
11599	1
11601	1
11602	1
11606	2
11608	2
11613	1
11629	1
11642	1
11646	1
11649	2
11656	1
11657	2
11668	1
11669	1
11670	1
11676	1
11677	1
11678	1
11679	1
11680	1
11682	1
11686	1
11687	1
11691	4
11693	1
11697	1
11699	1
11701	1
11702	2
11708	1
11711	1
11712	2
11713	1
11715	1
11717	1
11720	1
11722	1
11723	1
11724	2
11725	1
11727	2
11728	1
11735	1
11736	1
11739	1
11740	1
11741	1
11742	1
11743	1
11758	1
11759	1
11761	2
11766	1
11768	2
11769	1
11770	1
11780	1
11782	1
11785	3
11787	1
11792	1
11795	1
11802	2
11806	1
11808	1
11812	1
11814	1
11815	2
11817	1
11822	2
11823	1
11824	1
11826	1
11829	1
11830	1
11832	2
11833	1
11834	1
11837	1
11838	2
11839	1
11840	1
11844	1
11846	1
11850	1
11853	1
11860	1
11862	1
11863	2
11870	1
11871	1
11872	1
11875	1
11879	1
11885	3
11888	2
11889	1
11893	1
11896	1
11897	1
11898	1
11915	1
11926	2
11928	1
11929	1
11930	1
11937	1
11938	1
11940	1
11941	1
11947	1
11950	1
11952	1
11955	1
11959	1
11961	1
11963	2
11964	1
11970	1
11975	1
11978	1
11987	1
11990	1
11994	1
11995	1
11998	1
12003	1
12006	1
12034	1
12039	1
12040	1
12042	1
12048	1
12061	1
12069	1
12073	1
12080	1
12095	1
12098	1
12102	1
12103	1
12106	2
12115	1
12120	1
12124	1
12149	1
12170	1
12174	1
12192	1
12210	1
12211	1
12214	1
12216	1
12239	1
12244	1
12263	1
12264	1
12274	1
12275	1
12276	1
12283	1
12287	1
12294	1
12297	1
12304	1
12305	1
12310	1
12313	1
12321	1
12330	1
12369	1
12384	1
12412	1
12414	1
12421	1
12425	1
12430	1
12443	1
12452	1
12456	1
12462	1
12478	1
12518	1
12527	1
12537	1
12542	1
12549	1
12556	1
12573	1
12587	1
12594	1
12601	1
12602	1
12607	1
12611	1
12617	1
12634	1
12636	1
12641	1
12645	1
12663	1
12686	1
12692	1
12707	1
12710	1
12713	1
12718	1
12732	1
12783	1
12794	2
12808	1
12813	1
12814	1
12816	2
12820	1
12830	1
12833	1
12859	1
12863	1
12875	1
12899	1
12909	1
12918	1
12926	1
12941	1
12967	1
12987	1
12990	1
12991	1
12993	1
12999	1
13000	1
13008	1
13013	3
13014	1
13016	1
13023	1
13025	1
13027	1
13036	1
13054	1
13105	1
13117	1
13220	1
13260	1
13273	1
13306	1
13323	1
13331	1
13346	1
13349	1
13351	1
13456	1
13476	1
13481	1
13486	1
13541	1
13546	1
13658	1
13695	1
13742	1
13769	1
13776	1
13803	1
13824	1
13830	1
13881	1
13887	1
13890	1
13900	1
13901	1
13915	1
13950	1
13965	1
13977	1
13989	1
14032	1
14042	1
14065	1
14074	1
14084	1
14086	1
14128	1
14130	1
14176	1
14179	1
14220	1
14233	1
14249	1
14269	1
14270	1
14278	1
14296	1
14315	1
14363	1
14433	1
14459	1
14470	1
14524	1
14533	1
14539	1
14542	1
14543	1
14557	1
14569	1
14575	1
14593	1
14595	1
14623	1
14641	1
14672	1
14714	1
14722	1
14728	1
14731	1
14766	1
14778	1
14820	1
14825	1
14839	1
14844	1
14858	1
14915	1
14957	1
14990	1
15000	1
15135	1
